[0. 0. 0. 0. 0. 0. 0. 0. 0. 0. 0. 0. 0. 0. 0. 0. 0. 0. 0. 0. 0. 0. 0. 0.
 0. 0. 0. 0. 0. 0. 0. 0. 0. 0. 0. 0. 0. 0. 0. 0. 0. 0. 0. 0. 0.]
[0.         0.         0.         0.         0.         0.69277207
 0.         1.39470613 0.         3.50005254 0.         0.
 0.         0.         0.         0.         0.         0.
 0.         0.         0.43706504 0.         0.66505868 0.
 0.         0.         0.         0.         0.         2.24964519
 0.         0.         0.         0.         0.         0.
 0.         0.         0.         0.         0.         0.
 0.         0.         0.        ]
[0.         0.35728858 0.         0.27066342 0.         0.5249783
 0.         0.         1.15696038 0.         0.         0.
 0.         0.         0.         0.         0.         0.
 0.37414519 0.         0.33716304 0.         0.         0.
 0.         0.         0.         0.         0.         0.
 0.         0.         0.         0.         0.         0.
 0.         0.         1.21599875 0.         0.         0.
 0.         0.98577439 0.        ]
[0.         0.         0.         0.         0.         0.3400396
 0.         0.         0.         0.         0.         0.
 0.         0.         1.18627909 0.         0.         0.
 0.         0.         0.         0.         0.         0.
 0.         0.         0.         0.         0.         0.
 0.         0.         0.         0.         0.         0.30172999
 0.         0.         0.67758827 0.         0.         0.
 0.69751403 0.         0.        ]
[0.         0.         0.         0.09225595 0.         0.
 0.32324945 0.         0.40404964 0.         0.         0.
 0.         0.         0.         0.         0.         0.
 0.         0.         0.         0.         0.         0.
 0.         0.         0.59219125 0.         0.         0.
 0.         0.         0.         0.         0.         0.12351838
 0.         0.25179078 0.         0.         0.         0.99094741
 0.         0.         0.        ]
[0.         0.         0.         0.         0.         0.
 0.32353314 0.         0.         0.         0.54601302 0.
 1.3710611  0.         0.         0.         0.         0.
 0.         0.         0.03027563 0.         0.         0.
 0.         0.         0.69518679 0.         0.         0.70608563
 0.         0.         0.         0.         0.         0.
 0.         0.         0.         0.         0.         0.67588522
 0.         0.         0.        ]
[0.         0.         0.         0.         0.         0.
 0.         0.10647254 0.15380018 0.         0.67828903 0.
 0.         0.         0.         0.         0.         0.
 0.         0.         0.         0.         0.06428701 0.21772356
 0.         0.         0.         0.694445   0.         0.
 0.         0.         0.         0.         0.         0.
 0.05225778 0.         0.         0.         0.         0.
 0.         0.         0.        ]
[0.         0.         0.         0.         0.         0.
 0.1354672  0.         0.         0.         0.         0.67561265
 1.48271935 0.74269386 0.         0.         0.         0.
 0.         0.         0.         0.         0.         0.
 0.         0.         0.38903428 0.         0.         0.
 0.         0.         0.         0.         0.         0.
 0.         0.         0.         0.         0.         0.
 0.         0.         0.        ]
[0.         0.         0.         0.         0.         0.
 0.         0.         0.         0.         0.40085552 0.
 0.         0.         0.         0.         0.         0.
 0.         0.         0.         0.         0.         0.
 0.2474637  0.         0.         0.         0.44143745 0.
 0.         0.         0.         0.         0.         0.
 0.         0.         0.         0.         0.22282861 0.
 0.55583272 0.         0.        ]
[0.         0.         0.         0.         0.         0.
 0.         0.         0.         0.         0.         0.45217768
 0.         0.32893519 0.         0.         0.         0.
 0.         0.         0.         0.         0.         0.
 0.         0.13618693 0.         0.         0.         0.
 0.         0.         0.         0.         0.         0.
 0.         0.         0.         0.         0.         0.29207464
 0.         0.         0.        ]
[0.         0.         0.         0.         0.         0.
 0.         0.         0.         0.         0.         0.
 0.         0.55550029 0.         0.         0.         0.
 0.         0.         0.         0.         0.         0.
 0.3730319  0.05571541 0.13765168 0.         0.         0.
 0.         0.         0.         0.         0.         0.
 0.         0.         0.         0.         0.         0.
 0.         0.         0.70455921]
[0.         0.         0.         0.         0.         0.
 0.         0.         0.         0.         0.         0.
 0.         0.30167219 0.5453263  0.         0.         0.
 0.         0.         0.         0.         0.         0.
 0.         0.         0.         0.40069743 0.         0.
 0.         0.         0.         0.         0.         0.
 0.         0.         0.         0.         0.         0.
 0.         0.         0.        ]
[0.         0.         0.         0.         0.         0.
 0.         0.         0.         0.         0.         0.
 0.         0.         0.         0.         0.         0.
 0.         0.         0.         0.         0.         0.
 0.         0.         0.         0.07601131 0.14693157 0.
 0.         0.         0.         0.         0.         0.
 0.         0.         0.         0.         0.         0.
 0.         0.         0.        ]
[0.         0.         0.         0.         0.         0.
 0.         0.         0.         0.         0.         0.
 0.         0.         0.         0.         0.         0.
 0.         0.         0.         0.         0.         0.
 0.         0.         0.         0.         0.         0.
 0.         0.         0.         0.         0.         0.
 0.         0.         0.         0.         0.         0.
 0.         0.0197771  0.12551968]
[0. 0. 0. 0. 0. 0. 0. 0. 0. 0. 0. 0. 0. 0. 0. 0. 0. 0. 0. 0. 0. 0. 0. 0.
 0. 0. 0. 0. 0. 0. 0. 0. 0. 0. 0. 0. 0. 0. 0. 0. 0. 0. 0. 0. 0.]
[0. 0. 0. 0. 0. 0. 0. 0. 0. 0. 0. 0. 0. 0. 0. 0. 0. 0. 0. 0. 0. 0. 0. 0.
 0. 0. 0. 0. 0. 0. 0. 0. 0. 0. 0. 0. 0. 0. 0. 0. 0. 0. 0. 0. 0.]
[1.03565434 0.         0.         0.         0.         0.
 0.         0.         0.         0.         0.         0.
 0.         0.         0.         0.         0.         0.
 0.         0.         0.         0.         0.         0.
 0.         0.         0.         0.         0.         0.
 0.         0.         0.         0.         0.         0.
 0.         0.         0.         0.         0.         0.
 0.         0.         0.        ]
[0.         0.         0.         0.         0.         0.
 0.         0.         0.         0.         0.         0.
 0.         0.         0.         0.         0.31453973 0.
 0.         0.         0.         0.         0.         0.
 0.         0.         0.         0.         0.         0.
 0.         0.         0.         0.         0.         0.
 0.         0.         0.         0.         0.         0.
 0.         0.         0.        ]
[0.         0.         0.         0.14040117 0.13079071 0.
 0.         0.         0.         0.         0.         0.
 0.         0.         1.89969205 0.         0.         0.
 0.         0.         0.         0.         0.93549075 0.
 1.18662603 0.         0.         0.73394333 0.         0.
 0.         0.         0.         0.         0.13765168 0.
 0.         0.47823784 0.         0.63610517 0.         0.
 0.         0.         0.        ]
[0.         0.         0.         0.         0.         0.
 0.         0.83401379 0.         0.         0.         1.24312758
 0.         0.         0.         0.         0.         0.
 0.         0.         0.         0.         0.         0.39722447
 0.         0.         0.         0.         0.         0.
 0.         0.         0.         0.         0.         0.14383827
 0.26279244 0.         0.         1.4980046  0.         0.
 1.53025315 0.         0.75001509]
[0.         0.         0.         0.         0.         0.
 0.21556246 0.         0.         0.         0.         0.
 0.         0.         2.18492586 0.         0.         0.
 0.         0.         0.         0.         0.         0.
 0.         1.43132934 0.         0.         0.         0.
 0.         0.         0.         0.         0.         0.05035816
 0.         0.         0.         0.         0.64292901 0.
 0.         0.94500199 0.        ]
[0.         0.         0.         0.         0.         0.
 0.         0.         0.32828223 0.         0.         0.
 0.         0.79343048 0.         0.         0.         0.
 0.         0.         0.         0.         0.17057749 0.
 0.40064295 0.35361931 0.         1.45238904 0.         0.
 0.         0.         0.         0.         0.         0.
 0.         0.         0.         0.         0.         0.
 0.         0.65794569 0.        ]
[0.         0.         0.         0.         0.         0.
 0.         0.         0.         0.         0.         0.
 0.         0.         0.         0.         0.         0.
 0.         0.         0.         0.25606609 0.         0.
 0.         0.65017218 0.         0.         0.         1.0580958
 0.         0.         0.         0.         0.         0.
 0.         0.         0.         0.         0.38356873 0.31929214
 0.         0.         0.78545022]
[0.         0.         0.         0.         0.         0.
 0.         0.01583569 0.         0.         0.         0.
 0.         0.         0.         0.         0.         0.
 0.         0.         0.         0.         0.         0.
 0.         0.         0.         0.97890189 0.         0.
 0.         0.         0.         0.         0.         0.
 0.         0.         0.         0.         0.         0.
 0.         1.28114666 0.90955543]
[0.         0.         0.         0.         0.         0.
 0.         0.         0.         0.         0.         0.75318766
 0.         0.         0.         0.         0.         0.
 0.         0.         0.         0.         0.         0.
 0.         0.27589049 0.         0.         0.40950977 0.
 0.         0.         0.         0.         0.         0.
 0.         0.         0.         0.03996383 0.         0.
 0.         0.         0.        ]
[0.         0.         0.         0.         0.         0.
 0.         0.         0.         0.         0.05384135 0.
 0.         0.         0.         0.         0.         0.
 0.         0.         0.         0.         0.         0.
 0.         0.         0.         0.         0.         0.
 0.         0.         0.         0.         0.         0.
 0.         0.         0.         0.         0.02250045 0.
 0.22888373 0.         0.        ]
[0.         0.         0.         0.         0.         0.
 0.         0.         0.         0.         0.1780277  0.
 0.         0.         0.         0.         0.         0.
 0.         0.         0.         0.         0.         0.
 0.         0.         0.         0.         0.26763654 0.
 0.         0.         0.         0.         0.         0.
 0.         0.         0.         0.         0.         0.
 0.         0.         0.        ]
[0. 0. 0. 0. 0. 0. 0. 0. 0. 0. 0. 0. 0. 0. 0. 0. 0. 0. 0. 0. 0. 0. 0. 0.
 0. 0. 0. 0. 0. 0. 0. 0. 0. 0. 0. 0. 0. 0. 0. 0. 0. 0. 0. 0. 0.]
[0.         0.         0.         0.         0.         0.
 0.         0.         0.         0.         0.         0.
 0.         0.15221544 0.         0.         0.         0.
 0.         0.         0.         0.         0.         0.
 0.         0.         0.         0.         0.         0.22888687
 0.         0.         0.         0.         0.         0.
 0.         0.         0.         0.         0.         0.
 0.         0.         0.        ]
[0.         0.         0.         0.         0.         0.
 0.         0.         0.         0.         0.         0.
 0.         0.         0.         0.         0.         0.
 0.         0.         0.         0.         0.         0.
 0.         0.         0.         0.         0.16319488 0.
 0.         0.         0.         0.         0.         0.
 0.         0.         0.         0.         0.         0.
 0.         0.         0.        ]
[0.         0.         0.         0.         0.         0.
 0.         0.         1.7441353  0.         0.75430089 0.
 1.05601384 0.         0.         0.         0.         0.
 0.         0.         0.         0.         0.         0.83929157
 0.         0.         0.         0.         4.14187527 0.
 0.         0.         0.         0.         0.         0.
 0.         0.         0.         0.         0.         0.
 2.07107469 0.         2.73406814]
[0.         0.         0.         0.         0.         0.
 0.         0.         0.         0.         0.         0.
 0.         0.         0.         0.53854026 0.         0.
 0.         0.         0.         0.         0.         0.
 0.         0.         0.         0.         0.         0.
 0.         0.         0.         0.         0.         0.
 0.         0.         0.         0.         0.         0.
 0.         0.         0.        ]
[0.         0.         0.         0.         0.         0.
 0.         0.         0.         0.         0.         0.
 0.         0.         0.         0.         0.         0.
 0.         0.         0.         0.         0.         0.
 0.         0.         0.         0.         0.         0.
 0.         0.11190411 0.         0.         0.         0.
 0.         0.         0.         0.         0.         0.
 0.         0.         0.        ]
[0. 0. 0. 0. 0. 0. 0. 0. 0. 0. 0. 0. 0. 0. 0. 0. 0. 0. 0. 0. 0. 0. 0. 0.
 0. 0. 0. 0. 0. 0. 0. 0. 0. 0. 0. 0. 0. 0. 0. 0. 0. 0. 0. 0. 0.]
[0.         0.         0.         0.         0.         0.
 0.         0.         0.         0.         0.         0.
 0.         0.         0.         0.         0.         0.
 0.         0.         0.         0.         0.         0.
 0.         0.         0.         0.         0.         0.
 0.         0.         0.         0.19269769 0.         0.
 0.         0.         0.         0.         0.         0.
 0.         0.         0.        ]
[0.         0.         0.         0.         0.         0.
 0.         0.         0.         0.         0.         0.
 0.         0.         0.         0.         0.         0.
 0.         0.         0.         0.2502039  0.38457713 0.
 0.3996509  0.         0.         0.         0.         0.
 0.         0.         0.         0.         0.         0.
 0.39104207 0.26618135 0.29791216 0.         0.         0.
 0.87230953 0.         0.        ]
[0.         0.         0.         0.         0.         0.
 0.         0.         0.         0.         0.         0.
 0.         1.2632623  0.8836315  0.         0.         0.
 0.         0.         0.         0.09270489 0.08113868 0.
 0.         0.         0.         0.         0.         1.32037046
 0.         0.         0.         0.         0.         0.
 0.         0.         0.         0.         0.55956989 0.
 0.         0.         0.        ]
[0.         0.         0.         0.         0.         0.
 0.         0.11827816 0.15002487 0.42730792 0.         0.
 0.         0.         0.         0.         0.         0.
 0.         0.         0.         0.         0.         0.
 0.         0.         0.         0.         0.73952672 0.
 0.         0.         0.         0.         0.         0.
 0.11515594 0.         0.11875783 0.         0.         0.
 0.         0.         0.5897692 ]
[0.         0.         0.         0.         0.         0.
 0.         0.         0.09026343 0.         0.25552628 0.
 0.         0.         1.70446568 0.         0.         0.
 0.         0.         0.         0.         0.         0.
 0.42000815 0.         0.         0.         0.         0.6415653
 0.         0.         0.         0.         0.         0.
 0.         0.         0.         0.         0.         0.
 0.74270186 0.         1.41433517]
[0.         0.         0.         0.         0.         0.
 0.         0.         0.         0.         0.13455838 0.
 0.         0.37662879 0.         0.         0.         0.
 0.         0.         0.         0.         0.         0.
 0.         0.         0.13607417 0.         0.73139351 0.
 0.         0.         0.         0.         0.         0.
 0.         0.         0.         0.         0.         0.
 0.         0.         0.        ]
[0.         0.         0.         0.         0.         0.
 0.         0.         0.         0.         0.         0.
 0.         0.         0.         0.         0.         0.
 0.         0.         0.         0.         0.         0.
 0.         0.         0.         0.         0.         0.
 0.         0.         0.         0.         0.         0.
 0.         0.         0.         0.38330666 0.         0.13650326
 0.         0.27321978 0.        ]
[0.         0.         0.         0.         0.         0.
 0.         0.         0.         0.         0.         0.19661162
 0.19286102 0.         0.34150906 0.         0.         0.
 0.         0.         0.         0.         0.         0.
 0.         0.02010643 0.         0.         0.         0.4291472
 0.         0.         0.         0.         0.         0.
 0.         0.         0.         0.         0.         0.
 0.         0.         0.        ]
[0.         0.         0.         0.         0.         0.
 0.         0.         0.         0.         0.         0.
 0.19026931 0.         0.21977024 0.         0.         0.
 0.         0.         0.         0.         0.         0.
 0.         0.         0.         0.         0.         0.
 0.         0.         0.         0.         0.         0.
 0.         0.         0.         0.         0.         0.
 0.         0.30190816 0.        ]
[0.         0.         0.         0.         0.         0.
 0.         0.         0.         0.         0.         0.
 0.         0.17138264 0.         0.         0.         0.
 0.         0.         0.         0.         0.         0.
 0.         0.         0.         0.04202634 0.         0.
 0.         0.         0.         0.         0.         0.
 0.         0.         0.         0.         0.         0.
 0.08410696 0.         0.        ]
[0. 0. 0. 0. 0. 0. 0. 0. 0. 0. 0. 0. 0. 0. 0. 0. 0. 0. 0. 0. 0. 0. 0. 0.
 0. 0. 0. 0. 0. 0. 0. 0. 0. 0. 0. 0. 0. 0. 0. 0. 0. 0. 0. 0. 0.]
[0.         0.         0.         0.         0.         0.
 0.         0.         0.         0.         0.         2.82659664
 0.93430451 1.87608524 0.         0.         0.         0.
 0.         0.         0.         0.         2.71195163 0.
 0.         0.         0.         0.         0.         0.
 0.03754178 0.         0.         0.         0.         0.
 0.         0.         0.         0.         0.         1.1544218
 0.         1.38734335 0.        ]
[0.         0.         0.         0.         0.3832237  0.
 0.         0.         0.         0.65465603 0.         0.
 1.12751689 0.         0.         0.         0.         0.
 0.         0.         0.         0.         0.         0.
 0.         0.         0.         0.         0.         0.
 0.         0.         0.         0.         0.         0.
 0.96553598 0.         0.58855817 0.9357221  0.         2.16589893
 0.         2.10378907 0.        ]
[0.         0.05228419 0.         0.75182009 0.32015616 0.3480833
 0.         0.45215195 0.         0.         0.         1.64891576
 0.         0.         0.         0.         0.         0.
 0.         0.         0.         0.         0.         0.
 0.         0.         0.         0.         0.         0.
 0.         0.         0.         0.         0.         0.
 0.         0.         0.         0.         0.         0.
 0.         0.98819644 1.35236792]
[0.         0.         0.         0.         0.35385637 0.
 0.27000543 0.         0.45319081 0.         0.         0.
 1.05148981 0.         0.         0.         0.         0.
 0.         0.         0.         0.         0.         0.
 0.         0.         0.         0.         0.         0.
 0.         0.         0.         0.         0.         0.
 0.         0.         0.         0.         0.         0.
 0.77505603 0.         1.12441317]
[0.         0.         0.         0.08001186 0.         0.21754811
 0.         0.         0.         0.         0.         0.
 0.         0.         0.86951598 0.         0.         0.
 0.         0.06511359 0.         0.         0.         0.
 0.         0.         0.         0.         0.91320678 1.72106789
 0.         0.         0.         0.         0.         0.
 0.         0.37119554 0.         0.         0.         0.
 0.95172496 0.         0.        ]
[0.         0.         0.         0.         0.         0.
 0.         0.         0.26679108 0.         0.         0.
 0.         0.         0.         0.         0.         0.
 0.         0.         0.         0.         0.         0.
 0.         0.         0.         0.8970559  0.         0.
 0.         0.         0.         0.         0.         0.
 0.         0.61837524 0.38164013 0.         0.         0.
 0.         0.         0.87908097]
[0.         0.         0.         0.         0.         0.
 0.         0.         0.         0.         0.         0.
 0.55464947 0.         0.         0.         0.         0.
 0.         0.         0.         0.         0.         0.
 0.         0.         0.         0.48965271 0.         0.
 0.         0.         0.         0.         0.         0.
 0.         0.         0.         0.         0.         0.
 0.         0.         0.        ]
[0.         0.         0.         0.         0.         0.
 0.27046373 0.         0.         0.         0.         0.
 0.         0.         0.         0.         0.         0.
 0.         0.         0.         0.         0.         0.
 0.         0.         0.         0.         0.         0.
 0.         0.         0.         0.         0.         0.
 0.         0.         0.         0.         0.         0.
 0.         0.         0.        ]
[0.         0.         0.         0.         0.         0.
 0.         0.073304   0.         0.         0.23857193 0.
 0.         0.         0.         0.         0.         0.
 0.         0.         0.         0.         0.         0.
 0.         0.         0.         0.         0.         0.
 0.         0.         0.         0.         0.         0.
 0.         0.         0.         0.         0.         0.
 0.         0.         0.        ]
[0.         0.         0.         0.         0.         0.
 0.         0.         0.         0.         0.11466273 0.20879749
 0.         0.         0.         0.         0.         0.
 0.         0.         0.         0.         0.         0.
 0.05035816 0.         0.         0.         0.         0.
 0.         0.         0.         0.         0.         0.
 0.         0.         0.         0.         0.         0.
 0.         0.         0.        ]
[0.         0.         0.         0.         0.         0.
 0.         0.         0.         0.07401068 0.         0.
 0.         0.         0.         0.         0.         0.
 0.         0.         0.         0.         0.         0.
 0.         0.         0.         0.         0.         0.
 0.         0.         0.         0.         0.         0.
 0.         0.         0.         0.         0.0385722  0.
 0.         0.         0.        ]
[0.         0.         0.         0.         0.         0.
 0.         0.         0.         0.         0.         0.
 0.         0.         0.         0.         0.         0.
 0.         0.         0.         0.         0.         0.
 0.         0.         0.         0.         0.         0.39439527
 0.         0.         0.         0.         0.         0.
 0.         0.         0.         0.         0.         0.05793216
 0.         0.39068153 0.56859164]
[0.         0.         0.         0.         0.         0.
 0.         0.         0.         0.         0.         0.
 0.         0.10500211 0.         0.         0.         0.
 0.         0.         0.         0.         0.         0.
 0.         0.         0.         0.         0.         0.
 0.         0.         0.         0.         0.         0.
 0.         0.         0.         0.         0.         0.
 0.         0.         0.        ]
[0. 0. 0. 0. 0. 0. 0. 0. 0. 0. 0. 0. 0. 0. 0. 0. 0. 0. 0. 0. 0. 0. 0. 0.
 0. 0. 0. 0. 0. 0. 0. 0. 0. 0. 0. 0. 0. 0. 0. 0. 0. 0. 0. 0. 0.]
[0. 0. 0. 0. 0. 0. 0. 0. 0. 0. 0. 0. 0. 0. 0. 0. 0. 0. 0. 0. 0. 0. 0. 0.
 0. 0. 0. 0. 0. 0. 0. 0. 0. 0. 0. 0. 0. 0. 0. 0. 0. 0. 0. 0. 0.]
[0. 0. 0. 0. 0. 0. 0. 0. 0. 0. 0. 0. 0. 0. 0. 0. 0. 0. 0. 0. 0. 0. 0. 0.
 0. 0. 0. 0. 0. 0. 0. 0. 0. 0. 0. 0. 0. 0. 0. 0. 0. 0. 0. 0. 0.]
[0.         0.         0.         0.         0.         0.
 0.         0.         0.         0.         0.         0.
 0.         0.         0.         0.33140939 0.         0.
 0.         0.         0.         0.         0.         0.
 0.         0.         0.         0.         0.         0.
 0.         0.         0.         0.         0.         0.
 0.         0.         0.         0.         0.         0.
 0.         0.         0.        ]
[0.         0.         0.         0.         0.         0.
 0.         0.         0.         0.         0.         0.
 0.         0.         0.         0.         0.23396986 0.
 0.         0.         0.         0.         0.         0.
 0.         0.         0.         0.         0.         0.
 0.         0.         0.         0.         0.         0.
 0.         0.         0.         0.         0.         0.
 0.         0.         0.        ]
[0.         0.         0.         0.         0.         0.
 0.         0.         0.         0.         0.         0.
 0.         1.81454897 1.87555365 0.         0.         0.
 0.         0.         0.         0.81794781 0.         0.
 0.         0.         0.         3.24747655 0.         0.
 0.         0.         0.         0.         0.         0.14571722
 0.3521784  0.         0.         0.         0.         0.
 1.02078775 0.         0.        ]
[0.         0.         0.         0.         0.         0.
 0.         0.         0.         0.         0.         0.628522
 0.         0.         0.         0.         0.         0.
 0.08001186 0.         0.13301174 0.50932023 0.         0.74411341
 0.         0.         0.81395446 0.         0.73608623 0.
 0.         0.         0.         0.         0.         0.
 0.         0.         0.         0.57604374 0.         0.
 0.         0.         1.43656853]
[0.         0.         0.         0.         0.         0.
 0.         0.         0.         0.         0.         0.
 0.         0.77747808 1.69341423 0.         0.         0.
 0.         0.         0.         0.         0.58524781 0.79278877
 0.         0.67143325 0.         0.         0.         1.38366374
 0.         0.         0.         0.         0.         0.
 0.         0.         0.         0.         0.99208822 0.
 0.         0.         0.        ]
[0.         0.         0.         0.         0.         0.
 0.         0.         0.         0.         0.         0.
 0.         1.6458295  0.         0.         0.         0.
 0.         0.         0.         0.         0.         0.20111326
 0.31123344 1.19210691 0.         0.         0.         0.
 0.         0.         0.         0.         0.         0.
 0.         0.11466273 0.13714562 0.         0.         0.
 0.90548583 0.         0.        ]
[0.         0.         0.         0.         0.         0.
 0.         0.         0.         0.         0.         0.
 0.         0.         0.         0.         0.         0.
 0.         0.         0.         0.16319488 0.         0.
 0.         0.         0.         0.         0.         0.56358276
 0.         0.         0.         0.         0.         0.
 0.01332128 0.         0.         0.         0.         0.
 0.56512348 0.         0.        ]
[0.         0.         0.         0.         0.         0.
 0.         0.         0.         0.         0.         0.
 0.         0.         0.         0.         0.         0.
 0.         0.         0.         0.         0.         0.
 0.         0.70716759 0.         0.         0.         0.
 0.         0.         0.         0.         0.         0.
 0.         0.00950141 0.         0.34591593 0.         0.38356873
 0.         1.00415742 0.        ]
[0.         0.         0.         0.         0.         0.
 0.         0.         0.         0.         0.         0.
 0.         0.         0.         0.         0.         0.
 0.         0.         0.         0.         0.         0.
 0.         0.         0.15137813 0.         0.         0.
 0.         0.         0.         0.         0.         0.
 0.         0.         0.         0.         0.         0.11785951
 0.         0.         0.        ]
[0.         0.         0.         0.         0.         0.
 0.         0.         0.         0.         0.         0.09643051
 0.         0.         0.         0.         0.         0.
 0.         0.         0.         0.         0.         0.
 0.08318302 0.         0.         0.51656175 0.         0.
 0.         0.         0.         0.         0.         0.
 0.         0.         0.         0.         0.         0.
 0.         0.         0.33666496]
[0.         0.         0.         0.         0.         0.
 0.         0.         0.         0.         0.13889586 0.
 0.         0.         0.         0.         0.         0.
 0.         0.         0.         0.         0.         0.
 0.         0.         0.         0.21435143 0.         0.
 0.         0.         0.         0.         0.         0.
 0.         0.         0.         0.         0.         0.
 0.         0.         0.        ]
[0.         0.         0.         0.         0.         0.
 0.         0.         0.         0.         0.         0.
 0.         0.         0.         0.         0.         0.
 0.         0.         0.         0.         0.         0.
 0.         0.         0.         0.         0.11262533 0.18564443
 0.         0.         0.         0.         0.         0.
 0.         0.         0.         0.         0.         0.
 0.         0.         0.        ]
[0.         0.         0.         0.         0.         0.
 0.         0.         0.         0.         0.         0.
 0.05722846 0.         0.         0.         0.         0.
 0.         0.         0.         0.         0.         0.
 0.         0.         0.         0.         0.         0.10778123
 0.         0.         0.         0.         0.         0.
 0.         0.         0.         0.         0.         0.
 0.         0.04275636 0.1568996 ]
[0.         0.         0.         0.         0.         0.
 0.         0.         0.         0.         0.         0.
 0.         0.         0.07887905 0.         0.         0.
 0.         0.         0.         0.         0.         0.
 0.         0.         0.         0.         0.05228419 0.
 0.         0.         0.         0.         0.         0.
 0.         0.         0.         0.         0.         0.
 0.         0.         0.        ]
[0.         0.         0.         0.         0.         0.
 0.         0.         0.         0.80169858 0.         0.
 0.         0.         1.53606192 0.         0.         0.
 0.         0.         0.65317068 0.         0.         1.55774915
 0.         0.         0.         0.         0.         0.
 0.         0.         0.         0.         0.         0.
 0.         0.         0.         0.         0.         0.
 0.         0.         1.00716312]
[0.         0.         0.         0.34644917 0.         0.
 0.         0.         0.         0.         0.         0.
 0.         0.         1.28176557 0.         0.         0.
 0.         0.         0.         0.         0.         0.
 0.         0.         0.         0.         1.4093764  0.
 0.16306825 0.         0.09428761 0.         0.         0.
 0.         0.55828255 0.         0.         1.35314174 0.
 0.         0.         0.        ]
[0.         0.         0.120692   0.         0.68814066 0.
 0.         0.         0.         0.         0.         1.37755934
 0.         0.         0.         0.         0.         0.
 0.         0.         0.         0.         0.64926329 0.
 0.         0.         0.         0.         0.         0.
 0.         0.         0.         0.19376401 0.59689453 0.
 0.         0.         1.13965542 0.         0.         0.
 0.         0.8850178  0.        ]
[0.         0.         0.         0.         0.         0.
 0.         0.         0.         0.         0.         0.
 0.         0.         0.         0.         0.         0.
 0.         0.         0.         0.         0.         0.
 0.         0.         0.         0.         0.         0.
 0.         0.         0.         0.         0.10071631 0.
 0.         0.         0.         0.         0.         0.
 0.         0.         0.        ]
[0.         0.         0.         0.         0.         0.11571661
 0.         0.         0.         0.         0.         0.
 0.         0.         0.         0.         0.         0.
 0.         0.         0.         0.         0.         0.
 0.         0.         0.         0.         0.         0.
 0.         0.         0.         0.13789251 0.         0.
 0.         0.         0.         0.         0.         0.
 0.         0.         0.        ]
[0.         0.         0.         0.         0.         0.
 0.         0.         0.         0.         0.         0.
 0.         0.         2.16272778 0.         0.         0.
 0.         0.         0.         0.         0.         0.
 0.         0.         0.         0.         4.07185202 0.
 0.         0.         0.         0.         0.         0.
 0.         0.         0.         0.         0.         0.54011717
 0.         0.         0.        ]
[0.         0.         0.         0.         0.         0.
 0.         0.         0.         0.         0.         0.
 1.12243558 0.81553803 0.         0.         0.         0.
 0.         0.         0.         0.         0.         0.
 0.         0.31822069 0.         2.72459396 0.         0.
 0.         0.         0.         0.         0.         0.
 0.         0.         0.39639439 0.29549011 0.43924806 0.
 0.         0.         0.        ]
[0.         0.         0.         0.         0.         0.
 0.         0.         0.         0.         0.         0.
 0.         0.65794569 0.         0.         0.         0.
 0.         0.         0.         0.         0.         0.
 0.         0.         0.         0.         0.         1.28551153
 0.         0.         0.         0.         0.         0.
 0.16319488 0.         0.         0.22607598 0.39747582 0.
 0.         0.         0.        ]
[0.         0.         0.         0.         0.         0.
 0.         0.         0.         0.         0.         0.
 0.         0.         0.50786736 0.         0.         0.
 0.         0.         0.         0.         0.         0.07732239
 0.26762316 0.         0.         0.         0.         0.
 0.         0.         0.         0.         0.         0.
 0.         0.         0.         0.         0.         0.
 0.         0.         0.        ]
[0.         0.         0.         0.         0.         0.
 0.         0.         0.         0.         0.         0.
 0.         0.         0.         0.         0.         0.
 0.         0.         0.         0.         0.         0.
 0.         0.         0.         0.         0.63485748 0.
 0.         0.         0.         0.         0.         0.
 0.         0.         0.         0.         0.         0.
 0.         0.         0.        ]
[0.         0.         0.         0.         0.         0.
 0.         0.         0.         0.         0.         0.
 0.         0.         0.         0.         0.         0.
 0.         0.         0.         0.         0.         0.
 0.         0.         0.         0.         0.         0.
 0.         0.         0.         0.         0.         0.
 0.         0.         0.         0.28546571 0.         0.
 0.         0.         0.        ]
[0.         0.         0.         0.         0.         0.
 0.         0.         0.         0.         0.         0.
 0.         0.55518319 0.         0.         0.         0.
 0.         0.         0.         0.         0.         0.
 0.         0.0223828  0.         0.         0.         0.
 0.         0.         0.         0.         0.         0.
 0.         0.         0.         0.         0.         0.
 0.         0.         0.        ]
[0.         0.         0.         0.         0.         0.
 0.         0.         0.         0.         0.         0.
 0.         0.17322459 0.         0.         0.         0.
 0.         0.         0.         0.         0.         0.
 0.         0.         0.         0.         0.         0.
 0.         0.         0.         0.         0.         0.
 0.         0.         0.         0.         0.         0.
 0.         0.         0.        ]
[0.         0.         0.         0.         0.         0.
 0.         0.         0.         0.         0.         0.
 0.         0.         0.23807155 0.         0.         0.
 0.         0.         0.         0.         0.         0.
 0.         0.         0.         0.         0.         0.17735973
 0.         0.         0.         0.         0.         0.
 0.         0.         0.         0.         0.         0.
 0.02455652 0.         0.        ]
[0.         0.         0.         0.         0.         0.
 0.         0.         0.         0.         0.         0.
 0.         0.         0.         0.         0.         0.
 0.         0.         0.         0.         0.         0.
 0.         0.         0.         0.         0.         0.
 0.         0.         0.         0.         0.         0.
 0.         0.         0.         0.         0.         0.
 0.         0.19092255 0.        ]
[]
[]
[]
[]
[]
[]
[]
[]
[]
[]
[]
[]
[]
[]
[]
[]
[]
[]
[]
[]
[]
[]
[]
[]
[]
[]
[]
[]
[]
[]
[]
[]
[]
[]
[]
[]
[]
[]
[]
[]
[]
[]
[]
[]
[]
