[5.167148722538123e-05, 52.99760541885266, 81.99693141626739, 207.00113164398607, 254.0008271678095, 304.0005142937613, 423.00612770454745, 458.0061149923449, 507.0066604039857, 620.0124541893086, 654.0117877239599, 706.010851785931, 823.0195060726321, 887.018658436515, 931.019752483776, 0.0012561669395541068, 23.996156086705117, 60.995933844201986, 187.0016028567132, 239.00134237971605, 285.0012773604579, 414.0070969686584, 443.00732744816776, 492.007177297764, 619.0139740568867, 669.0139234287432, 698.0137762867579, 824.0214214672425, 879.0231520399075, 913.0214623914912, 0.0007765497859701757, 27.997504724627845, 71.99852354568945, 186.0026000792737, 226.00241242229427, 294.001188300846, 416.00672111896756, 452.00672232928764, 493.0056461283167, 616.0131763726891, 641.0125973746964, 692.0129536951833, 812.0233513171115, 855.0218327499061, 896.0228918578175]
[54.000470674819695, 99.99921172499793, 134.9991954755155, 262.00379919741033, 301.00368939825097, 345.0036666410717, 468.0082663704234, 507.00836527504396, 555.0084088914701, 667.0137576648945, 709.0133928664609, 759.0137118686129, 877.021091276116, 932.0208481592629, 979.0211926090755, 46.00207306323396, 74.00142630062106, 116.00132842080484, 242.00401898130852, 283.0042706012873, 334.0042591579802, 457.0096099195761, 488.010068036871, 535.0099020203473, 672.0155954952015, 711.0159244474934, 748.0156345567673, 877.0231871308368, 924.0232769701468, 968.0231829513308, 49.001297594456325, 80.00035287113798, 125.00034515058051, 236.00485529448355, 281.00482014363206, 337.0040601106464, 461.00895713185724, 494.0091722097152, 545.0093230829232, 658.0151622605161, 696.0152883687097, 746.0153577954255, 863.0236834459827, 901.0235937485511, 944.0235668250548]
[104.00099886434907, 143.00099886434907, 182.00099886434907, 310.00478981844793, 348.00478981844793, 396.00478981844793, 520.0091108019959, 563.0091108019959, 600.0091108019959, 717.0141527857169, 758.0141527857169, 808.0141527857169, 932.0212861836312, 982.0212861836312, 1025.0212861836312, 88.00258000298618, 128.00258000298618, 172.00258000298618, 292.0054037125985, 339.0054037125985, 376.0054037125985, 500.01055119450325, 541.0105511945033, 590.0105511945033, 720.0163467012173, 764.0163467012173, 803.0163467012173, 931.0236100739106, 976.0236100739106, 1020.0236100739106, 91.00201192064614, 131.00201192064614, 174.00201192064614, 291.00560124988175, 336.00560124988175, 384.00560124988175, 506.0101263665399, 547.0101263665399, 592.0101263665399, 711.0158323224755, 751.0158323224755, 789.0158323224755, 908.0240173506032, 957.0240173506032, 995.0240173506032]
[0.001228443567230706, 0.004994170127088356, 0.009309284097782797, 0.01434949748912627, 0.021482067550503928, 0.0027936458686779082, 0.005605676185672103, 0.010747615132306786, 0.016542499007618068, 0.023805319739518764, 0.0022333408208624304, 0.0058028621326717544, 0.010323120576134825, 0.016027993306013788, 0.02421253494260117, 0.0002295799744367465, 0.00020435185491499467, 0.00019847849350430793, 0.00019671370313155802, 0.00019586699584045746, 0.00021364361845256337, 0.00020196326616563347, 0.00019641916805014366, 0.0001957932575187033, 0.00019524047591540838, 0.00022142088846565863, 0.00020161175903551454, 0.00019675398581390016, 0.00019567369850360798, 0.00019516513604669948]
[]
[]
[]
[]
[]
[]
[]
[]
[]
[]
[]
[]
[]
[]
[]
[]
[]
[]
[]
[]
[]
[]
[]
[]
[]
[]
[]
[]
[]
[]
[]
[]
[]
[]
[]
[]
[]
[]
[]
[]
[]
[]
[]
[]
[]
[]
[]
[]
[]
[]
[]
[]
[]
[]
[]
[]
[]
[]
[]
[]
[]
[]
[]
[]
[]
[]
[]
[]
[]
[]
[]
[]
[]
[]
[]
[]
[]
[]
[]
[]
[]
[]
[]
[]
[]
[]
[]
[]
[]
[]
[]
[]
[]
[]
[]
[]
[]
[]
[]
[]
[]
[]
[]
[]
[]
[]
[]
[]
[]
[]
[]
[]
[]
[]
[]
[]
[]
[]
[]
[]
[]
[]
[]
[]
[]
[]
[]
[]
[]
[]
[]
