[0. 0. 0. 0. 0. 0. 0. 0. 0. 0. 0. 0. 0. 0. 0. 0. 0. 0. 0. 0. 0. 0. 0. 0.
 0. 0. 0. 0. 0. 0. 0. 0. 0. 0. 0. 0. 0. 0. 0. 0. 0. 0. 0. 0. 0.]
[0.         0.         0.         0.         0.         0.
 0.         0.         0.01199122 1.07290748 0.         0.
 0.         0.31687767 0.         0.         0.         0.
 0.         0.         0.         0.00545553 0.         0.08920853
 0.         0.         0.         0.         0.64731508 0.
 0.         0.         0.         0.         0.         0.
 0.0026995  0.         0.         0.         0.         0.
 0.1182071  0.         0.        ]
[0.         0.34037575 0.         0.         0.         0.
 0.         0.         0.         0.         0.         0.
 0.60956731 0.         0.         0.         0.         0.
 0.         0.00131291 0.         0.         0.         0.
 0.02623639 0.         0.         0.36699675 0.         0.
 0.         0.         0.         0.         0.         0.
 0.         0.07611713 0.         0.         0.         0.
 0.         0.01112982 0.        ]
[0.         0.         0.         0.         0.         0.00318479
 0.04787711 0.         0.01538305 0.         0.         0.19832046
 0.         0.         0.         0.         0.         0.
 0.         0.         0.         0.         0.         0.
 0.         0.         0.         0.         0.         0.
 0.         0.         0.         0.         0.         0.01264708
 0.         0.         0.         0.         0.         0.
 0.         0.         0.00490331]
[0.         0.         0.         0.07950283 0.         0.0170589
 0.         0.         0.         0.         0.         0.
 0.         0.         0.         0.         0.         0.
 0.         0.         0.         0.         0.         0.00665911
 0.         0.         0.         0.         0.         0.00474925
 0.         0.         0.         0.         0.         0.
 0.         0.         0.         0.         0.         0.
 0.         0.         0.06986492]
[0.         0.         0.         0.         0.         0.
 0.         0.07178693 0.         0.         0.         0.
 0.         0.         0.03453652 0.         0.         0.
 0.         0.         0.         0.         0.         0.
 0.         0.         0.         0.         0.01483823 0.
 0.         0.         0.         0.         0.         0.
 0.         0.         0.04394969 0.         0.00529145 0.32664745
 0.         0.         0.        ]
[0.         0.         0.         0.         0.         0.
 0.         0.         0.         0.0057664  0.         0.
 0.         0.         0.         0.         0.         0.
 0.         0.         0.         0.         0.00601756 0.
 0.         0.         0.         0.         0.         0.
 0.         0.         0.         0.         0.         0.
 0.         0.         0.00077703 0.         0.01201941 0.
 0.         0.         0.00705527]
[0.         0.         0.         0.         0.         0.
 0.12995023 0.         0.01720584 0.         0.         0.
 0.         0.         0.         0.         0.         0.
 0.         0.         0.         0.         0.         0.
 0.02131645 0.         0.         0.         0.         0.
 0.         0.         0.         0.         0.         0.
 0.         0.00020096 0.00363273 0.         0.         0.
 0.0054692  0.         0.17439149]
[0.         0.         0.         0.         0.         0.
 0.         0.         0.         0.13270605 0.         0.04619393
 0.         0.         0.         0.         0.         0.
 0.         0.         0.         0.         0.         0.
 0.         0.00272093 0.         0.         0.         0.
 0.         0.         0.         0.         0.         0.
 0.         0.         0.         0.         0.         0.
 0.         0.         0.        ]
[0.         0.         0.         0.         0.         0.
 0.         0.         0.         0.         0.         0.
 0.09136519 0.00419761 0.         0.         0.         0.
 0.         0.         0.         0.         0.         0.
 0.         0.         0.         0.         0.         0.00827563
 0.         0.         0.         0.         0.         0.
 0.         0.         0.         0.         0.         0.
 0.         0.         0.        ]
[0.         0.         0.         0.         0.         0.
 0.         0.         0.         0.00035879 0.         0.
 0.         0.         0.0077207  0.         0.         0.
 0.         0.         0.         0.         0.         0.
 0.34934547 0.00972504 0.         0.00298071 0.         0.
 0.         0.         0.         0.         0.         0.
 0.         0.         0.         0.         0.         0.
 0.         0.         0.        ]
[0.         0.         0.         0.         0.         0.
 0.         0.         0.         0.         0.         0.
 0.01804272 0.16519242 0.         0.         0.         0.
 0.         0.         0.         0.         0.         0.
 0.         0.         0.         0.         0.         0.
 0.         0.         0.         0.         0.         0.
 0.         0.         0.         0.         0.         0.00047855
 0.02842704 0.         0.        ]
[0.         0.         0.         0.         0.         0.
 0.         0.         0.         0.         0.         0.
 0.         0.00250923 0.         0.         0.         0.
 0.         0.         0.         0.         0.         0.
 0.         0.         0.         0.00219758 0.         0.
 0.         0.         0.         0.         0.         0.
 0.         0.         0.         0.         0.         0.
 0.         0.         0.        ]
[0.         0.         0.         0.         0.         0.
 0.         0.         0.         0.         0.         0.
 0.         0.         0.03154274 0.         0.         0.
 0.         0.         0.         0.         0.         0.
 0.         0.         0.         0.         0.00326376 0.
 0.         0.         0.         0.         0.         0.
 0.         0.         0.         0.         0.         0.
 0.         0.00149616 0.        ]
[0. 0. 0. 0. 0. 0. 0. 0. 0. 0. 0. 0. 0. 0. 0. 0. 0. 0. 0. 0. 0. 0. 0. 0.
 0. 0. 0. 0. 0. 0. 0. 0. 0. 0. 0. 0. 0. 0. 0. 0. 0. 0. 0. 0. 0.]
[0. 0. 0. 0. 0. 0. 0. 0. 0. 0. 0. 0. 0. 0. 0. 0. 0. 0. 0. 0. 0. 0. 0. 0.
 0. 0. 0. 0. 0. 0. 0. 0. 0. 0. 0. 0. 0. 0. 0. 0. 0. 0. 0. 0. 0.]
[0.69516666 0.         0.         0.         0.         0.
 0.         0.         0.         0.         0.         0.
 0.         0.         0.         0.         0.         0.
 0.         0.         0.         0.         0.         0.
 0.         0.         0.         0.         0.         0.
 0.         0.         0.         0.         0.         0.
 0.         0.         0.         0.         0.         0.
 0.         0.         0.        ]
[0.         0.         0.         0.         0.         0.
 0.         0.         0.         0.         0.         0.
 0.         0.         0.         0.         0.21920318 0.
 0.         0.         0.         0.         0.         0.
 0.         0.         0.         0.         0.         0.
 0.         0.         0.         0.         0.         0.
 0.         0.         0.         0.         0.         0.
 0.         0.         0.        ]
[0.         0.         0.         0.         0.         0.
 0.0123782  0.         0.         0.         0.         0.
 0.009366   0.         0.         0.         0.         0.
 0.         0.00928133 0.         0.0513354  0.51971709 0.
 0.         0.         0.         0.         0.         0.
 0.         0.         0.         0.         0.         0.
 0.         0.         0.0085169  0.         0.37672841 0.
 0.24327794 0.         0.        ]
[0.         0.         0.         0.         0.         0.
 0.         0.6662729  0.         0.         0.         0.
 0.02838912 0.         0.         0.         0.         0.
 0.         0.         0.         0.         0.         0.
 0.         0.04763054 0.         0.         0.14102621 0.
 0.         0.         0.         0.         0.         0.
 0.         0.09064007 0.         0.         0.         0.
 0.         0.         0.        ]
[0.         0.         0.         0.         0.         0.00246667
 0.         0.         0.         0.         0.         0.
 0.         0.06547924 1.2138477  0.         0.         0.
 0.         0.         0.         0.         0.         0.
 0.         0.         0.         0.         0.         0.
 0.         0.         0.         0.         0.         0.
 0.00646383 0.         0.19060663 0.13342218 0.         0.08833563
 0.         0.         0.        ]
[0.00000000e+00 0.00000000e+00 0.00000000e+00 0.00000000e+00
 0.00000000e+00 0.00000000e+00 0.00000000e+00 0.00000000e+00
 0.00000000e+00 0.00000000e+00 0.00000000e+00 0.00000000e+00
 0.00000000e+00 0.00000000e+00 0.00000000e+00 0.00000000e+00
 0.00000000e+00 0.00000000e+00 0.00000000e+00 0.00000000e+00
 0.00000000e+00 0.00000000e+00 4.62197361e-04 0.00000000e+00
 0.00000000e+00 0.00000000e+00 7.93784798e-03 8.06882797e-01
 0.00000000e+00 2.06552058e-01 0.00000000e+00 0.00000000e+00
 0.00000000e+00 0.00000000e+00 0.00000000e+00 0.00000000e+00
 0.00000000e+00 3.36364023e-03 0.00000000e+00 4.46977727e-02
 0.00000000e+00 0.00000000e+00 0.00000000e+00 0.00000000e+00
 0.00000000e+00]
[0.         0.         0.         0.         0.         0.
 0.         0.         0.00146301 0.         0.         0.
 0.         0.         0.         0.         0.         0.
 0.         0.         0.         0.23510267 0.         0.
 0.         0.         0.         0.         0.         0.
 0.         0.         0.         0.         0.         0.
 0.         0.         0.         0.         0.         0.0071899
 0.         0.02031639 0.        ]
[0.00000000e+00 0.00000000e+00 0.00000000e+00 0.00000000e+00
 0.00000000e+00 0.00000000e+00 0.00000000e+00 0.00000000e+00
 3.88513724e-04 0.00000000e+00 0.00000000e+00 0.00000000e+00
 0.00000000e+00 0.00000000e+00 0.00000000e+00 0.00000000e+00
 0.00000000e+00 0.00000000e+00 0.00000000e+00 0.00000000e+00
 0.00000000e+00 0.00000000e+00 0.00000000e+00 0.00000000e+00
 0.00000000e+00 0.00000000e+00 2.56001394e-02 0.00000000e+00
 0.00000000e+00 8.80864056e-02 0.00000000e+00 0.00000000e+00
 0.00000000e+00 0.00000000e+00 0.00000000e+00 0.00000000e+00
 0.00000000e+00 0.00000000e+00 0.00000000e+00 0.00000000e+00
 0.00000000e+00 0.00000000e+00 8.83055429e-03 8.58222490e-01
 0.00000000e+00]
[0.         0.         0.         0.         0.         0.
 0.         0.         0.         0.         0.         0.013769
 0.         0.         0.         0.         0.         0.
 0.         0.         0.         0.         0.         0.
 0.         0.15534744 0.         0.04731605 0.         0.
 0.         0.         0.         0.         0.         0.
 0.         0.         0.         0.         0.00048229 0.
 0.         0.20705113 0.        ]
[0.         0.         0.         0.         0.         0.
 0.         0.         0.         0.         0.         0.
 0.         0.04825115 0.         0.         0.         0.
 0.         0.         0.         0.         0.         0.
 0.         0.         0.         0.15173783 0.         0.
 0.         0.         0.         0.         0.         0.
 0.         0.         0.         0.         0.         0.
 0.         0.         0.        ]
[0.         0.         0.         0.         0.         0.
 0.         0.         0.         0.         0.16475143 0.
 0.         0.         0.         0.         0.         0.
 0.         0.         0.         0.         0.         0.
 0.         0.         0.         0.         0.         0.
 0.         0.         0.         0.         0.         0.
 0.         0.         0.         0.         0.         0.
 0.         0.         0.        ]
[0.         0.         0.         0.         0.         0.
 0.         0.         0.         0.         0.         0.
 0.         0.00068325 0.         0.         0.         0.
 0.         0.         0.         0.         0.         0.
 0.         0.         0.         0.         0.         0.
 0.         0.         0.         0.         0.         0.
 0.         0.         0.         0.         0.         0.
 0.         0.         0.        ]
[0.         0.         0.         0.         0.         0.
 0.         0.         0.         0.         0.         0.
 0.         0.08456414 0.07101031 0.         0.         0.
 0.         0.         0.         0.         0.         0.
 0.         0.         0.         0.         0.         0.
 0.         0.         0.         0.         0.         0.
 0.         0.         0.         0.         0.         0.
 0.         0.00010718 0.        ]
[0.         0.         0.         0.         0.         0.
 0.         0.         0.         0.         0.         0.
 0.         0.         0.         0.         0.         0.
 0.         0.         0.         0.         0.         0.
 0.         0.         0.         0.         0.15614786 0.
 0.         0.         0.         0.         0.         0.
 0.         0.         0.         0.         0.         0.
 0.         0.         0.        ]
[0.         0.         0.04677027 0.         0.         0.
 0.         0.         0.96896406 0.         0.         0.
 0.16308141 0.         0.0133175  0.         0.         0.
 0.         0.         0.         0.         0.         0.
 0.         0.         0.         0.0058411  0.04121581 0.71982035
 0.         0.         0.         0.         0.         0.
 0.         0.         0.         0.         0.07047688 0.
 0.         0.         0.02265544]
[0.         0.         0.         0.         0.         0.
 0.         0.         0.         0.         0.         0.
 0.         0.         0.         0.36148666 0.         0.
 0.         0.         0.         0.         0.         0.
 0.         0.         0.         0.         0.         0.
 0.         0.         0.         0.         0.         0.
 0.         0.         0.         0.         0.         0.
 0.         0.         0.        ]
[0.         0.         0.         0.         0.         0.
 0.         0.         0.         0.         0.         0.
 0.         0.         0.         0.         0.         0.
 0.         0.         0.         0.         0.         0.
 0.         0.         0.         0.         0.         0.
 0.         0.08019022 0.         0.         0.         0.
 0.         0.         0.         0.         0.         0.
 0.         0.         0.        ]
[0. 0. 0. 0. 0. 0. 0. 0. 0. 0. 0. 0. 0. 0. 0. 0. 0. 0. 0. 0. 0. 0. 0. 0.
 0. 0. 0. 0. 0. 0. 0. 0. 0. 0. 0. 0. 0. 0. 0. 0. 0. 0. 0. 0. 0.]
[0.         0.         0.         0.         0.         0.
 0.         0.         0.         0.         0.         0.
 0.         0.         0.         0.         0.         0.
 0.         0.         0.         0.         0.         0.
 0.         0.         0.         0.         0.         0.
 0.         0.         0.         0.13597452 0.         0.
 0.         0.         0.         0.         0.         0.
 0.         0.         0.        ]
[0.         0.         0.         0.         0.0027981  0.
 0.         0.         0.         0.         0.         0.
 0.         0.         0.         0.         0.         0.
 0.         0.         0.         0.         0.         0.
 0.         0.         0.00613918 0.         0.         0.
 0.         0.         0.         0.         0.         0.
 0.00726546 0.         0.         0.         0.         0.
 0.         0.         0.        ]
[0.00000000e+00 0.00000000e+00 0.00000000e+00 0.00000000e+00
 0.00000000e+00 0.00000000e+00 3.14830087e-04 0.00000000e+00
 0.00000000e+00 0.00000000e+00 0.00000000e+00 0.00000000e+00
 0.00000000e+00 0.00000000e+00 0.00000000e+00 0.00000000e+00
 0.00000000e+00 0.00000000e+00 0.00000000e+00 0.00000000e+00
 0.00000000e+00 0.00000000e+00 0.00000000e+00 0.00000000e+00
 6.05592658e-03 0.00000000e+00 0.00000000e+00 0.00000000e+00
 0.00000000e+00 0.00000000e+00 0.00000000e+00 0.00000000e+00
 0.00000000e+00 0.00000000e+00 0.00000000e+00 0.00000000e+00
 0.00000000e+00 0.00000000e+00 1.25450882e-02 0.00000000e+00
 0.00000000e+00 0.00000000e+00 0.00000000e+00 0.00000000e+00
 3.90930469e-01]
[0.         0.         0.         0.         0.         0.
 0.         0.         0.         0.03927419 0.         0.
 0.         0.         0.         0.         0.         0.
 0.         0.         0.         0.         0.         0.
 0.         0.         0.         0.         0.16931564 0.0229176
 0.         0.         0.         0.         0.         0.
 0.10575376 0.         0.         0.         0.         0.
 0.         0.         0.        ]
[0.00000000e+00 0.00000000e+00 0.00000000e+00 0.00000000e+00
 0.00000000e+00 0.00000000e+00 0.00000000e+00 0.00000000e+00
 0.00000000e+00 2.31073639e-03 0.00000000e+00 0.00000000e+00
 0.00000000e+00 1.94642648e-02 0.00000000e+00 0.00000000e+00
 0.00000000e+00 0.00000000e+00 0.00000000e+00 0.00000000e+00
 0.00000000e+00 0.00000000e+00 0.00000000e+00 2.47844962e-04
 0.00000000e+00 0.00000000e+00 0.00000000e+00 0.00000000e+00
 0.00000000e+00 0.00000000e+00 0.00000000e+00 0.00000000e+00
 0.00000000e+00 0.00000000e+00 0.00000000e+00 0.00000000e+00
 0.00000000e+00 0.00000000e+00 0.00000000e+00 0.00000000e+00
 4.77718511e-03 2.52941616e-02 2.72829104e-01 0.00000000e+00
 8.69152670e-01]
[0.         0.         0.         0.         0.         0.
 0.         0.         0.         0.         0.         0.10315183
 0.         0.         0.         0.         0.         0.
 0.         0.         0.         0.         0.         0.
 0.         0.00059617 0.         0.         0.         0.03539143
 0.         0.         0.         0.         0.         0.
 0.         0.         0.         0.         0.         0.0509261
 0.         0.         0.        ]
[0.         0.         0.         0.         0.         0.
 0.         0.         0.         0.         0.         0.
 0.         0.         0.         0.         0.         0.
 0.         0.         0.         0.         0.         0.
 0.         0.         0.         0.         0.         0.
 0.         0.         0.         0.         0.         0.
 0.         0.         0.         0.32340165 0.         0.
 0.         0.         0.        ]
[0.         0.         0.         0.         0.         0.
 0.         0.         0.         0.         0.         0.10922868
 0.         0.         0.05273963 0.         0.         0.
 0.         0.         0.         0.         0.         0.
 0.         0.00058303 0.         0.0043429  0.         0.
 0.         0.         0.         0.         0.         0.
 0.         0.         0.         0.         0.         0.
 0.00111195 0.         0.        ]
[0.         0.         0.         0.         0.         0.
 0.         0.         0.         0.         0.         0.
 0.10570517 0.         0.         0.         0.         0.
 0.         0.         0.         0.         0.         0.
 0.         0.         0.         0.         0.         0.
 0.         0.         0.         0.         0.         0.
 0.         0.         0.         0.         0.         0.
 0.         0.         0.        ]
[0.         0.         0.         0.         0.         0.
 0.         0.         0.         0.         0.         0.
 0.         0.         0.         0.         0.         0.
 0.         0.         0.         0.         0.         0.
 0.         0.         0.         0.         0.         0.
 0.         0.         0.         0.         0.         0.
 0.         0.         0.         0.         0.         0.
 0.07719306 0.         0.00376728]
[0.         0.         0.         0.         0.         0.
 0.         0.         0.         0.         0.         0.
 0.         0.         0.00795542 0.         0.         0.
 0.         0.         0.         0.         0.         0.
 0.         0.         0.         0.         0.         0.
 0.         0.         0.         0.         0.         0.
 0.         0.         0.         0.         0.         0.
 0.         0.         0.        ]
[0.         0.         0.04386979 0.0060318  0.         0.0022507
 0.         0.         0.055076   0.         0.         0.
 0.         0.         0.         0.         0.         0.
 0.         0.         0.         0.         0.84740311 0.39616281
 0.12343318 0.         0.         0.         0.         0.
 0.         0.         0.         0.         0.         0.
 0.00609816 0.         0.         0.         0.         0.
 0.03803156 0.         0.        ]
[0.00000000e+00 0.00000000e+00 0.00000000e+00 0.00000000e+00
 0.00000000e+00 0.00000000e+00 0.00000000e+00 0.00000000e+00
 0.00000000e+00 0.00000000e+00 0.00000000e+00 4.70235576e-03
 0.00000000e+00 0.00000000e+00 0.00000000e+00 0.00000000e+00
 0.00000000e+00 0.00000000e+00 0.00000000e+00 0.00000000e+00
 2.75379985e-02 0.00000000e+00 0.00000000e+00 0.00000000e+00
 0.00000000e+00 0.00000000e+00 0.00000000e+00 0.00000000e+00
 0.00000000e+00 2.20522585e-02 0.00000000e+00 0.00000000e+00
 9.29763755e-04 0.00000000e+00 0.00000000e+00 0.00000000e+00
 0.00000000e+00 4.89526431e-01 0.00000000e+00 0.00000000e+00
 0.00000000e+00 1.20327718e+00 1.49990015e-01 0.00000000e+00
 0.00000000e+00]
[0.         0.05087479 0.         0.00113205 0.02111247 0.
 0.         0.         0.         0.         0.         0.
 0.         0.         0.         0.         0.         0.
 0.         0.         0.04394969 0.         0.         0.
 0.         0.         0.         0.         0.         0.
 0.         0.         0.         0.         0.         0.
 0.         0.         0.         0.         0.         0.48436509
 0.         0.03659641 0.33023109]
[0.         0.         0.         0.         0.         0.01295306
 0.00608005 0.         0.         0.         0.         0.
 0.         0.         0.         0.         0.         0.
 0.         0.         0.         0.         0.         0.
 0.         0.         0.         0.00444111 0.         0.
 0.         0.         0.         0.         0.         0.
 0.         0.         0.         0.         0.         0.
 0.         0.         0.        ]
[0.         0.         0.         0.07749903 0.         0.06577798
 0.         0.         0.         0.         0.         0.
 0.2546305  0.         0.         0.         0.         0.
 0.         0.         0.         0.         0.         0.
 0.         0.         0.0927619  0.         0.         0.
 0.         0.         0.         0.         0.         0.
 0.         0.         0.         0.         0.00607081 0.
 0.         0.         0.        ]
[0.         0.         0.         0.         0.         0.
 0.         0.         0.01116729 0.13269706 0.         0.42706511
 0.         0.         0.         0.         0.         0.
 0.         0.         0.         0.00099808 0.         0.
 0.00890294 0.         0.         0.         0.         0.
 0.         0.         0.         0.         0.         0.
 0.         0.3435418  0.         0.         0.         0.
 0.         0.         0.06568323]
[0.         0.         0.         0.         0.         0.
 0.         0.         0.         0.         0.         0.
 0.         0.         0.         0.         0.         0.
 0.         0.         0.         0.         0.         0.00277463
 0.         0.06014353 0.         0.         0.         0.
 0.         0.         0.         0.         0.         0.
 0.         0.         0.         0.02417224 0.01242304 0.
 0.         0.         0.        ]
[0.         0.         0.         0.         0.         0.
 0.19024848 0.         0.00209907 0.00278929 0.         0.
 0.         0.         0.02296245 0.         0.         0.
 0.         0.         0.         0.         0.         0.
 0.         0.         0.         0.         0.         0.
 0.         0.         0.         0.         0.         0.
 0.         0.         0.         0.         0.         0.
 0.         0.00297414 0.        ]
[0.         0.         0.         0.         0.         0.
 0.         0.05478307 0.         0.         0.         0.
 0.00507268 0.         0.         0.         0.         0.
 0.         0.         0.         0.         0.         0.
 0.00106506 0.         0.         0.         0.         0.
 0.         0.         0.         0.         0.         0.
 0.         0.         0.         0.         0.         0.
 0.         0.         0.        ]
[0.         0.         0.         0.         0.         0.
 0.         0.         0.         0.         0.         0.
 0.         0.23097039 0.00849277 0.         0.         0.
 0.         0.         0.         0.         0.         0.
 0.         0.         0.         0.         0.         0.
 0.         0.         0.         0.         0.         0.
 0.         0.         0.         0.         0.         0.
 0.         0.         0.        ]
[0.         0.         0.         0.         0.         0.
 0.         0.         0.         0.05413149 0.         0.
 0.         0.0017885  0.0316177  0.         0.         0.
 0.         0.         0.         0.         0.         0.
 0.         0.         0.         0.         0.         0.
 0.         0.         0.         0.         0.         0.
 0.         0.         0.         0.         0.00086858 0.0264669
 0.         0.         0.01638603]
[0.         0.         0.         0.         0.         0.
 0.         0.         0.         0.         0.         0.
 0.         0.04058333 0.09600728 0.         0.         0.
 0.         0.         0.         0.         0.         0.
 0.         0.         0.         0.         0.         0.
 0.         0.         0.         0.         0.         0.
 0.         0.         0.         0.         0.         0.
 0.         0.         0.        ]
[0.         0.         0.         0.         0.         0.
 0.         0.         0.         0.         0.         0.
 0.         0.         0.         0.         0.         0.
 0.         0.         0.         0.         0.         0.
 0.         0.         0.         0.00963326 0.         0.01397298
 0.         0.         0.         0.         0.         0.
 0.         0.         0.         0.         0.         0.
 0.         0.         0.        ]
[0.         0.         0.         0.         0.         0.
 0.         0.         0.         0.         0.         0.
 0.         0.         0.         0.         0.         0.
 0.         0.         0.         0.         0.         0.
 0.         0.         0.         0.         0.         0.
 0.         0.         0.         0.         0.         0.
 0.         0.         0.         0.         0.         0.
 0.         0.         0.01047312]
[0. 0. 0. 0. 0. 0. 0. 0. 0. 0. 0. 0. 0. 0. 0. 0. 0. 0. 0. 0. 0. 0. 0. 0.
 0. 0. 0. 0. 0. 0. 0. 0. 0. 0. 0. 0. 0. 0. 0. 0. 0. 0. 0. 0. 0.]
[0. 0. 0. 0. 0. 0. 0. 0. 0. 0. 0. 0. 0. 0. 0. 0. 0. 0. 0. 0. 0. 0. 0. 0.
 0. 0. 0. 0. 0. 0. 0. 0. 0. 0. 0. 0. 0. 0. 0. 0. 0. 0. 0. 0. 0.]
[0.         0.         0.         0.         0.         0.
 0.         0.         0.         0.         0.         0.
 0.         0.         0.         0.22245333 0.         0.
 0.         0.         0.         0.         0.         0.
 0.         0.         0.         0.         0.         0.
 0.         0.         0.         0.         0.         0.
 0.         0.         0.         0.         0.         0.
 0.         0.         0.        ]
[0.         0.         0.         0.         0.         0.
 0.         0.         0.         0.         0.         0.
 0.         0.         0.         0.         0.16358985 0.
 0.         0.         0.         0.         0.         0.
 0.         0.         0.         0.         0.         0.
 0.         0.         0.         0.         0.         0.
 0.         0.         0.         0.         0.         0.
 0.         0.         0.        ]
[0.00000000e+00 0.00000000e+00 0.00000000e+00 0.00000000e+00
 3.62560261e-02 0.00000000e+00 2.77419837e-02 0.00000000e+00
 0.00000000e+00 0.00000000e+00 0.00000000e+00 0.00000000e+00
 0.00000000e+00 3.29188258e-02 0.00000000e+00 0.00000000e+00
 0.00000000e+00 0.00000000e+00 0.00000000e+00 6.09564636e-04
 0.00000000e+00 0.00000000e+00 0.00000000e+00 0.00000000e+00
 0.00000000e+00 0.00000000e+00 0.00000000e+00 1.20327718e+00
 5.44163253e-01 0.00000000e+00 0.00000000e+00 0.00000000e+00
 0.00000000e+00 0.00000000e+00 1.85809507e-02 0.00000000e+00
 0.00000000e+00 0.00000000e+00 0.00000000e+00 0.00000000e+00
 0.00000000e+00 0.00000000e+00 0.00000000e+00 0.00000000e+00
 0.00000000e+00]
[0.         0.         0.         0.         0.         0.
 0.         0.         0.         0.         0.         0.
 0.         0.         0.55014307 0.         0.         0.
 0.07719306 0.         0.00117588 0.07650022 0.00168803 0.
 0.         0.         0.         0.         0.         0.1367116
 0.         0.         0.         0.         0.         0.
 0.         0.         0.01358911 0.         0.         0.
 0.         0.08424802 0.        ]
[0.         0.         0.         0.         0.         0.
 0.         0.         0.         0.         0.         0.1696782
 0.         0.         0.         0.         0.         0.
 0.         0.         0.         0.         0.00901456 0.44043821
 0.         0.         0.         0.         0.         0.
 0.         0.         0.         0.         0.         0.
 0.         0.02111247 0.         0.00507268 0.07686521 0.
 0.         0.         0.        ]
[0.         0.         0.         0.         0.         0.
 0.         0.         0.         0.         0.         0.
 0.         0.91434972 0.         0.         0.         0.
 0.         0.         0.         0.         0.0282797  0.
 0.         0.         0.         0.         0.         0.
 0.         0.         0.         0.         0.         0.
 0.         0.         0.         0.00166123 0.21527337 0.03324958
 0.         0.         0.        ]
[0.         0.         0.         0.         0.         0.
 0.         0.         0.         0.         0.         0.
 0.         0.         0.         0.         0.         0.
 0.         0.         0.         0.15614786 0.         0.0096893
 0.         0.20181879 0.         0.18858123 0.         0.
 0.         0.         0.         0.         0.         0.
 0.         0.00072467 0.01814094 0.         0.         0.
 0.         0.         0.        ]
[0.         0.         0.         0.         0.         0.
 0.         0.         0.         0.         0.         0.
 0.         0.         0.         0.         0.         0.
 0.         0.         0.         0.         0.         0.
 0.         0.40287211 0.         0.         0.         0.
 0.         0.         0.         0.         0.         0.
 0.         0.         0.00102527 0.         0.         0.
 0.         0.         0.        ]
[0.         0.         0.         0.         0.         0.
 0.         0.         0.         0.         0.         0.
 0.         0.         0.         0.         0.         0.
 0.         0.         0.         0.         0.         0.
 0.         0.         0.         0.         0.         0.
 0.         0.         0.         0.         0.         0.
 0.         0.         0.         0.         0.00048899 0.0015177
 0.         0.         0.        ]
[0.         0.         0.         0.         0.         0.
 0.         0.         0.         0.         0.         0.
 0.         0.         0.         0.         0.         0.
 0.         0.         0.         0.         0.         0.
 0.07895481 0.         0.         0.15996008 0.         0.00414292
 0.         0.         0.         0.         0.         0.
 0.         0.         0.         0.         0.00336576 0.00048229
 0.         0.         0.        ]
[0.         0.         0.         0.         0.         0.
 0.         0.         0.         0.         0.11027429 0.
 0.         0.         0.         0.         0.         0.
 0.         0.         0.         0.         0.         0.
 0.         0.         0.         0.01805269 0.00148707 0.
 0.         0.         0.         0.         0.         0.
 0.         0.         0.         0.         0.         0.
 0.         0.         0.        ]
[0.         0.         0.         0.         0.         0.
 0.         0.         0.         0.         0.         0.
 0.00115811 0.         0.02636982 0.         0.         0.
 0.         0.         0.         0.         0.         0.
 0.         0.         0.         0.         0.         0.
 0.         0.         0.         0.         0.         0.
 0.         0.         0.         0.         0.         0.
 0.         0.         0.        ]
[0.         0.         0.         0.         0.         0.
 0.         0.         0.         0.         0.         0.
 0.05236974 0.         0.         0.         0.         0.
 0.         0.         0.         0.         0.         0.
 0.         0.         0.         0.         0.         0.
 0.         0.         0.         0.         0.         0.
 0.         0.         0.         0.         0.         0.
 0.         0.         0.        ]
[0.         0.         0.         0.         0.         0.
 0.         0.         0.         0.         0.         0.
 0.         0.00088284 0.         0.         0.         0.
 0.         0.         0.         0.         0.         0.
 0.         0.         0.         0.         0.05087479 0.
 0.         0.         0.         0.         0.         0.
 0.         0.         0.         0.         0.         0.
 0.         0.         0.        ]
[0.         0.         0.01285107 0.04769009 0.         0.
 0.         0.02278306 0.         0.0159722  0.         0.
 0.         0.         0.         0.         0.         0.
 0.         0.         0.         0.         0.         0.
 0.         0.         0.         0.         0.         0.00646406
 0.         0.         0.         0.         0.         0.
 0.         0.         0.         0.         0.         0.
 0.         0.3393624  0.        ]
[0.         0.         0.         0.         0.01175032 0.
 0.         0.01150867 0.         0.         0.         0.
 0.00566694 0.         0.         0.         0.         0.
 0.         0.         0.         0.         0.         0.
 0.         0.         0.         0.         0.         0.
 0.13590706 0.         0.         0.         0.         0.
 0.         0.         0.         0.         0.24110257 0.13147504
 0.         0.         0.        ]
[0.         0.         0.         0.         0.38230036 0.
 0.0053188  0.         0.         0.         0.         0.
 0.         0.         0.         0.         0.         0.
 0.         0.         0.         0.         0.         0.
 0.         0.         0.         0.         0.43044417 0.
 0.         0.         0.         0.0299232  0.15323278 0.
 0.         0.         0.         0.         0.         0.
 0.02395158 0.         0.        ]
[0. 0. 0. 0. 0. 0. 0. 0. 0. 0. 0. 0. 0. 0. 0. 0. 0. 0. 0. 0. 0. 0. 0. 0.
 0. 0. 0. 0. 0. 0. 0. 0. 0. 0. 0. 0. 0. 0. 0. 0. 0. 0. 0. 0. 0.]
[0.         0.         0.         0.         0.         0.
 0.         0.00377375 0.         0.00288036 0.         0.02336609
 0.         0.         0.         0.         0.         0.
 0.         0.         0.         0.02172442 0.         0.
 0.         0.         0.01244963 0.         0.12885676 0.
 0.         0.         0.         0.10575376 0.         0.
 0.         0.         0.         0.         0.         0.
 0.         0.         0.        ]
[0.00000000e+00 0.00000000e+00 0.00000000e+00 0.00000000e+00
 0.00000000e+00 0.00000000e+00 1.18563671e-03 0.00000000e+00
 0.00000000e+00 6.99454685e-02 0.00000000e+00 0.00000000e+00
 0.00000000e+00 0.00000000e+00 1.21084042e+00 0.00000000e+00
 0.00000000e+00 0.00000000e+00 0.00000000e+00 0.00000000e+00
 0.00000000e+00 3.78797001e-03 0.00000000e+00 0.00000000e+00
 0.00000000e+00 0.00000000e+00 0.00000000e+00 0.00000000e+00
 0.00000000e+00 0.00000000e+00 0.00000000e+00 0.00000000e+00
 0.00000000e+00 0.00000000e+00 0.00000000e+00 0.00000000e+00
 0.00000000e+00 0.00000000e+00 9.02775050e-02 1.65042614e-02
 0.00000000e+00 0.00000000e+00 0.00000000e+00 4.58950876e-01
 0.00000000e+00]
[0.         0.         0.         0.         0.         0.
 0.         0.         0.0008909  0.         0.         0.00822737
 0.04742655 0.         0.         0.         0.         0.
 0.         0.         0.         0.         0.         0.
 0.         0.         0.         0.         0.         0.41335478
 0.         0.         0.         0.         0.         0.
 0.         0.00358788 0.2202191  0.04563287 0.         0.
 0.         0.         0.        ]
[0.         0.         0.         0.         0.         0.
 0.         0.         0.         0.00973213 0.         0.
 0.         0.         0.         0.         0.         0.
 0.         0.         0.         0.         0.         0.00059617
 0.         0.         0.00414292 0.         0.         0.
 0.         0.         0.         0.         0.         0.
 0.15614786 0.         0.06802041 0.         0.         0.00697276
 0.04161298 0.         0.        ]
[0.         0.         0.         0.         0.         0.
 0.         0.         0.         0.         0.00499433 0.
 0.         0.00589306 0.         0.         0.         0.
 0.         0.         0.         0.         0.         0.00174909
 0.         0.         0.         0.         0.         0.
 0.         0.         0.         0.         0.         0.
 0.         0.         0.         0.         0.         0.
 0.12943401 0.07593011 0.        ]
[0.         0.         0.         0.         0.         0.
 0.         0.         0.         0.         0.         0.01468693
 0.         0.         0.         0.         0.         0.
 0.         0.         0.         0.         0.         0.
 0.         0.         0.         0.         0.01179366 0.14503753
 0.         0.         0.         0.         0.         0.
 0.         0.         0.         0.         0.         0.
 0.         0.         0.00221721]
[0.         0.         0.         0.         0.         0.
 0.         0.         0.         0.         0.         0.
 0.         0.         0.         0.         0.         0.
 0.         0.         0.         0.         0.         0.
 0.         0.         0.         0.         0.         0.
 0.         0.         0.         0.         0.         0.
 0.         0.         0.         0.24108249 0.         0.
 0.         0.         0.        ]
[0.         0.         0.         0.         0.         0.
 0.         0.         0.         0.         0.         0.
 0.         0.         0.         0.         0.         0.
 0.         0.         0.         0.         0.         0.
 0.         0.         0.00520162 0.         0.         0.
 0.         0.         0.         0.         0.         0.
 0.         0.         0.         0.         0.         0.
 0.00213299 0.         0.18163691]
[0.         0.         0.         0.         0.         0.
 0.         0.         0.         0.         0.         0.
 0.01178226 0.         0.         0.         0.         0.
 0.         0.         0.         0.         0.         0.
 0.         0.         0.         0.         0.         0.
 0.         0.         0.         0.         0.         0.
 0.         0.         0.         0.         0.         0.
 0.         0.         0.        ]
[0.         0.         0.         0.         0.         0.
 0.         0.         0.         0.         0.         0.
 0.         0.         0.         0.         0.         0.
 0.         0.         0.         0.         0.         0.
 0.         0.         0.         0.         0.         0.
 0.         0.         0.         0.         0.         0.
 0.         0.         0.         0.         0.         0.
 0.02455652 0.         0.        ]
[0.         0.         0.         0.         0.         0.
 0.         0.         0.         0.         0.         0.
 0.         0.         0.         0.         0.         0.
 0.         0.         0.         0.         0.         0.
 0.         0.         0.         0.         0.         0.
 0.         0.         0.         0.         0.         0.
 0.         0.         0.         0.         0.         0.
 0.         0.18246613 0.        ]
[]
[]
[]
[]
[]
[]
[]
[]
[]
[]
[]
[]
[]
[]
[]
[]
[]
[]
[]
[]
[]
[]
[]
[]
[]
[]
[]
[]
[]
[]
[]
[]
[]
[]
[]
[]
[]
[]
[]
[]
[]
[]
[]
[]
[]
