[3.5098798294195405e-05, 52.99641045370835, 81.99739816781928, 207.00045705987625, 254.00051724967236, 304.0001876389807, 423.00249933244055, 458.00241763210005, 507.00266389548375, 620.0061785942935, 654.0055933048125, 706.0057935937424, 823.0137465182792, 887.0137742085368, 931.0138276543712, 0.00021918750213742975, 23.999467350594177, 60.99977479555883, 186.9992101972064, 238.99976214373598, 284.9988275169802, 414.00146456728345, 443.0021054042739, 492.0013872515292, 619.0057359682276, 669.0056730402276, 698.0057448830916, 824.0141091825282, 879.0139667678467, 913.0140678934123, 0.00011415740166399778, 27.999765595171237, 71.99974814942598, 186.00046225169882, 226.00045518769693, 294.00014009055724, 416.0018421995593, 452.0021083630548, 493.00130147850064, 616.0058045226714, 641.0059877544718, 692.0060586219768, 812.013287219892, 855.0133324341389, 896.0134354842453]
[54.0000989220672, 99.99950024232862, 134.99969375868034, 262.0010702756169, 301.00105718667857, 345.0009867547211, 468.0029774408164, 507.0029714661121, 555.0030006569363, 667.0062771899145, 709.0061885420761, 759.0062144127935, 877.013936527458, 932.0139481709332, 979.0139595522802, 46.0003566408354, 74.0002585727415, 116.00028845800657, 242.00019952017163, 283.00042031727514, 334.0004020324468, 457.0023303943657, 488.0024938693789, 535.0024243843902, 672.0061865057045, 711.0061676352285, 748.006187202362, 877.0142460899563, 924.0142157884503, 968.0142049529627, 49.000356362604066, 80.00027249391121, 125.00020550979605, 236.00093603481213, 281.00092146421656, 337.00061693666163, 461.0025681086902, 494.0026702883451, 545.0025495727956, 658.0062596006835, 696.006300452862, 746.0063492742127, 863.0134514385215, 901.0134815106438, 944.0134920031047]
[104.00014158119794, 143.00014158119794, 182.00014158119794, 310.001240849765, 348.001240849765, 396.001240849765, 520.0031408901126, 563.0031408901126, 600.0031408901126, 717.0063718105625, 758.0063718105625, 808.0063718105625, 932.0140438570352, 982.0140438570352, 1025.0140438570352, 88.00044471575973, 128.00044471575973, 172.00044471575973, 292.0006750223334, 339.0006750223334, 376.0006750223334, 500.0026157839377, 541.0026157839377, 590.0026157839377, 720.0063384218195, 764.0063384218195, 803.0063384218195, 931.0143003231271, 976.0143003231271, 1020.0143003231271, 91.0004611890567, 131.0004611890567, 174.0004611890567, 291.00109253919646, 336.00109253919646, 384.00109253919646, 506.0028060897738, 547.0028060897738, 592.0028060897738, 711.0064309889756, 751.0064309889756, 789.0064309889756, 908.0135592745285, 957.0135592745285, 995.0135592745285]
[0.00018904631830592676, 0.0012808286989008134, 0.0031792937628495055, 0.006409636884148064, 0.014081165014415156, 0.00048796733750349625, 0.0007167755149972248, 0.0026552285776643147, 0.006376818892059204, 0.014337809792991235, 0.0005043277834630294, 0.001133030377808375, 0.0028449894078668644, 0.0064689357391330415, 0.013596882643779798, 4.746501162713871e-05, 3.997771806180713e-05, 3.840372868691615e-05, 3.782909778769425e-05, 3.7315249396869914e-05, 4.325158482492526e-05, 4.17526225989194e-05, 3.944319456912113e-05, 3.839548216687098e-05, 3.7484095638212365e-05, 4.313871578700765e-05, 4.049083686911829e-05, 3.890128542361946e-05, 3.7945781577703114e-05, 3.760861920562293e-05]
[]
[]
[]
[]
[]
[]
[]
[]
[]
[]
[]
[]
[]
[]
[]
[]
[]
[]
[]
[]
[]
[]
[]
[]
[]
[]
[]
[]
[]
[]
[]
[]
[]
[]
[]
[]
[]
[]
[]
[]
[]
[]
[]
[]
[]
[]
[]
[]
[]
[]
[]
[]
[]
[]
[]
[]
[]
[]
[]
[]
[]
[]
[]
[]
[]
[]
[]
[]
[]
[]
[]
[]
[]
[]
[]
[]
[]
[]
[]
[]
[]
[]
[]
[]
[]
[]
[]
[]
[]
[]
[]
[]
[]
[]
[]
[]
[]
[]
[]
[]
[]
[]
[]
[]
[]
[]
[]
[]
[]
[]
[]
[]
[]
[]
[]
[]
[]
[]
[]
[]
[]
[]
[]
[]
[]
[]
[]
[]
[]
[]
[]
