[0. 0. 0. 0. 0. 0. 0. 0. 0. 0. 0. 0. 0. 0. 0. 0. 0. 0. 0. 0. 0. 0. 0. 0.
 0. 0. 0. 0. 0. 0. 0. 0. 0. 0. 0. 0. 0. 0. 0. 0. 0. 0. 0. 0. 0.]
[0.         0.         0.03636678 0.0082171  0.02971437 0.81241775
 0.         1.39470613 0.         3.58612009 0.         0.52058351
 0.         0.90970471 0.23538261 0.         0.         0.
 0.         0.24669025 0.63702564 0.         0.66505868 0.
 0.40005192 0.32431705 0.23637504 0.         0.         5.0272595
 0.         0.         0.         0.         0.         0.
 0.4018902  0.         0.         0.         0.         0.
 0.         0.         0.        ]
[0.00000000e+00 3.57288578e-01 0.00000000e+00 4.10356505e-01
 2.78932004e-01 7.73290853e-01 0.00000000e+00 4.82779772e-02
 1.21418805e+00 2.41060327e-01 1.65923977e-02 1.03877554e-01
 0.00000000e+00 6.22220437e-02 3.68671822e-01 0.00000000e+00
 0.00000000e+00 0.00000000e+00 3.74145194e-01 5.77851893e-02
 3.37163041e-01 5.58471621e-01 0.00000000e+00 1.26339190e-01
 0.00000000e+00 1.57480001e-01 0.00000000e+00 0.00000000e+00
 0.00000000e+00 0.00000000e+00 0.00000000e+00 0.00000000e+00
 1.10137029e-03 0.00000000e+00 0.00000000e+00 0.00000000e+00
 1.85749734e-01 8.06584911e-02 2.13801815e+00 2.31470378e-02
 2.13844288e-02 0.00000000e+00 0.00000000e+00 1.14352435e+00
 7.44351530e-01]
[0.         0.         0.         0.         0.00439446 0.56310421
 0.17111515 0.05483415 0.17035337 0.         0.03534209 0.
 0.         0.18170769 2.08283778 0.         0.         0.
 0.         0.00281959 0.0847245  0.02095082 0.31332448 0.06760676
 0.02615195 0.         0.18720794 0.33771014 0.04904151 0.
 0.         0.         0.         0.         0.         0.30172999
 0.06626641 0.0075226  0.67758827 0.48757763 0.         0.18392599
 0.69751403 0.08425185 0.61080289]
[0.         0.         0.         0.09279516 0.         0.05292371
 0.39250853 0.         0.40404964 0.09675587 0.59956801 0.39033362
 0.         0.28955236 0.07413957 0.         0.         0.
 0.         0.         0.         0.02798256 0.00700124 0.35416101
 0.         0.0120575  0.59219125 1.00447635 0.         0.29113673
 0.         0.         0.         0.         0.         0.19189151
 0.         0.25179078 0.03080279 0.07663736 0.01760231 0.99094741
 0.         0.48043184 0.66763709]
[0.         0.         0.         0.         0.         0.
 0.44251859 0.0385822  0.01979885 0.0145125  0.563238   0.08088173
 1.45133429 0.         0.18894477 0.         0.         0.
 0.         0.         0.03027563 0.16506985 0.01232925 0.02763558
 0.         0.09533299 0.69518679 0.         0.         0.70608563
 0.         0.         0.         0.         0.         0.00365769
 0.0172075  0.1838729  0.04532937 0.29326002 0.         1.02099449
 0.48925117 0.0392808  0.22864689]
[0.         0.         0.         0.         0.         0.
 0.         0.22380277 0.19297625 0.02043774 0.82108099 0.29989525
 0.18272122 0.         0.4311249  0.         0.         0.
 0.         0.         0.         0.00085605 0.06720019 0.21772356
 0.0578638  0.44084236 0.         0.78842467 0.         0.
 0.         0.         0.         0.         0.         0.
 0.05225778 0.0132044  0.00659484 0.         0.01086411 0.
 0.23132041 0.36535119 0.        ]
[0.         0.         0.         0.         0.         0.
 0.13772647 0.         0.1896842  0.29056946 0.         0.71025964
 1.75260654 0.76935748 0.         0.         0.         0.
 0.         0.         0.         0.         0.00460977 0.01166697
 0.01439561 0.00998941 0.38903428 0.2609119  0.         0.15464851
 0.         0.         0.         0.         0.         0.
 0.         0.01153148 0.07006686 0.01678832 0.04187876 0.06711253
 0.         0.         0.13317016]
[0.         0.         0.         0.         0.         0.
 0.         0.         0.         0.         0.67590475 0.28377338
 0.30388593 0.         0.         0.         0.         0.
 0.         0.         0.         0.         0.         0.
 0.2474637  0.         0.16214948 0.         0.44143745 0.
 0.         0.         0.         0.         0.         0.
 0.         0.         0.         0.11387659 0.24264579 0.
 0.61561134 0.48547686 0.        ]
[0.         0.         0.         0.         0.         0.
 0.         0.         0.         0.         0.00471872 0.45217768
 0.         0.35536604 0.13253108 0.         0.         0.
 0.         0.         0.         0.         0.         0.
 0.06370561 0.22351956 0.         0.04529377 0.04225649 0.
 0.         0.         0.         0.         0.         0.
 0.         0.         0.         0.0455015  0.09960812 0.35167348
 0.02694333 0.1787864  0.02197225]
[0.         0.         0.         0.         0.         0.
 0.         0.         0.         0.00644138 0.         0.04916905
 0.22052536 0.55550029 0.0494655  0.         0.         0.
 0.         0.         0.         0.         0.         0.
 0.38370059 0.05571541 0.14416264 0.02505857 0.02266109 0.22128557
 0.         0.         0.         0.         0.         0.
 0.         0.         0.         0.         0.00753512 0.01561811
 0.         0.         0.71878356]
[0.         0.         0.         0.         0.         0.
 0.         0.         0.         0.         0.         0.
 0.0571755  0.31258429 0.5453263  0.         0.         0.
 0.         0.         0.         0.         0.         0.
 0.         0.         0.01519331 0.4277254  0.         0.
 0.         0.         0.         0.         0.         0.
 0.         0.         0.         0.         0.         0.01286057
 0.         0.04795064 0.06866154]
[0.         0.         0.         0.         0.         0.
 0.         0.         0.         0.         0.         0.
 0.         0.2076507  0.05273955 0.         0.         0.
 0.         0.         0.         0.         0.         0.
 0.         0.         0.         0.07601131 0.14693157 0.0251632
 0.         0.         0.         0.         0.         0.
 0.         0.         0.         0.         0.         0.
 0.         0.02438942 0.0126258 ]
[0.         0.         0.         0.         0.         0.
 0.         0.         0.         0.         0.         0.
 0.         0.         0.08312014 0.         0.         0.
 0.         0.         0.         0.         0.         0.
 0.         0.         0.         0.         0.         0.
 0.         0.         0.         0.         0.         0.
 0.         0.         0.         0.         0.         0.
 0.         0.0197771  0.13219253]
[0.         0.         0.         0.         0.         0.
 0.         0.         0.         0.         0.         0.
 0.         0.         0.         0.         0.         0.
 0.         0.         0.         0.         0.         0.
 0.         0.         0.         0.         0.         0.02468954
 0.         0.         0.         0.         0.         0.
 0.         0.         0.         0.         0.         0.
 0.         0.         0.00962573]
[0. 0. 0. 0. 0. 0. 0. 0. 0. 0. 0. 0. 0. 0. 0. 0. 0. 0. 0. 0. 0. 0. 0. 0.
 0. 0. 0. 0. 0. 0. 0. 0. 0. 0. 0. 0. 0. 0. 0. 0. 0. 0. 0. 0. 0.]
[1.29480168 0.         0.         0.         0.         0.
 0.         0.         0.         0.         0.         0.
 0.         0.         0.         0.         0.         0.
 0.         0.         0.         0.         0.         0.
 0.         0.         0.         0.         0.         0.
 0.         0.         0.         0.         0.         0.
 0.         0.         0.         0.         0.         0.
 0.         0.         0.        ]
[0.         0.         0.         0.         0.         0.
 0.         0.         0.         0.         0.         0.
 0.         0.         0.         0.         0.39725645 0.
 0.         0.         0.         0.         0.         0.
 0.         0.         0.         0.         0.         0.
 0.         0.         0.         0.         0.         0.
 0.         0.         0.         0.         0.         0.
 0.         0.         0.        ]
[0.         0.         0.         0.17810976 0.16876193 0.
 0.         0.         0.45850434 0.         0.0442105  0.42430663
 0.12311996 0.         2.56075928 0.         0.         0.
 0.         0.         0.         0.05237516 0.93549075 0.21660019
 1.18662603 0.         0.         1.75498011 0.35500763 0.
 0.         0.         0.         0.         0.13765168 0.20314203
 0.0430621  0.49314939 0.29255834 0.70196311 0.37468834 0.18509234
 0.06517555 0.         0.02640573]
[0.00000000e+00 0.00000000e+00 0.00000000e+00 5.50316143e-04
 0.00000000e+00 1.42739302e-02 0.00000000e+00 8.34013791e-01
 2.32732559e-01 0.00000000e+00 0.00000000e+00 1.45460207e+00
 4.36001022e-02 0.00000000e+00 1.32232392e+00 0.00000000e+00
 0.00000000e+00 0.00000000e+00 0.00000000e+00 0.00000000e+00
 3.67280901e-02 2.44838313e-02 1.67646070e-01 4.07442649e-01
 0.00000000e+00 3.09867117e-02 2.02000267e-01 0.00000000e+00
 6.45177056e-01 0.00000000e+00 0.00000000e+00 0.00000000e+00
 0.00000000e+00 0.00000000e+00 3.35230340e-02 2.53603989e-01
 2.62792435e-01 2.83018128e-02 1.48621758e-02 1.62788991e+00
 1.57869385e-01 2.92041814e-01 1.72672299e+00 3.78976991e-01
 7.50015086e-01]
[0.         0.         0.         0.         0.00378874 0.0062264
 0.21556246 0.09229453 0.         0.         0.         0.13226134
 0.         0.43657297 2.67069316 0.         0.         0.
 0.         0.         0.         0.         0.         0.
 0.         1.84464742 0.         0.         1.08367758 0.
 0.         0.         0.         0.         0.         0.0934783
 0.19705833 0.         0.         0.07702566 0.64292901 0.14533837
 0.70539413 1.5874982  0.        ]
[0.         0.         0.         0.         0.         0.
 0.00864556 0.         0.32828223 0.         0.54198472 0.18991632
 0.02285879 1.14969004 0.         0.         0.         0.
 0.         0.         0.         0.         0.17560869 0.0356176
 0.52252341 0.41164578 0.10991946 1.80840143 0.06175208 0.
 0.         0.         0.         0.         0.         0.
 0.00927916 0.06148009 0.         0.         0.         0.
 0.         0.65794569 0.14805374]
[0.         0.         0.         0.         0.         0.
 0.01457239 0.         0.         0.11797402 0.22605743 0.25040867
 0.4253713  0.16170522 0.25732296 0.         0.         0.
 0.         0.         0.         0.25632694 0.         0.09964841
 0.         0.65017218 0.24440667 0.16490012 0.02049772 1.10286466
 0.         0.         0.         0.         0.         0.
 0.         0.0094189  0.00717685 0.10429798 0.38356873 0.33137238
 0.13331888 0.         0.78545022]
[0.         0.         0.         0.         0.         0.
 0.         0.01986549 0.         0.00966485 0.         0.
 0.         0.14982735 0.01692495 0.         0.         0.
 0.         0.         0.         0.         0.         0.
 0.11028885 0.30110125 0.         0.97890189 0.         0.13520373
 0.         0.         0.         0.         0.         0.
 0.         0.         0.02531863 0.         0.01513432 0.06667895
 0.25350522 1.28114666 0.98568376]
[0.         0.         0.         0.         0.         0.
 0.         0.         0.         0.02210588 0.         0.7788632
 0.         0.         0.         0.         0.         0.
 0.         0.         0.         0.         0.         0.
 0.         0.30464174 0.05678672 0.33311448 0.51264887 0.
 0.         0.         0.         0.         0.         0.
 0.         0.         0.         0.05396164 0.00816128 0.
 0.17885235 0.01367715 0.        ]
[0.         0.         0.         0.         0.         0.
 0.         0.         0.         0.         0.05864643 0.06175869
 0.         0.04637219 0.         0.         0.         0.
 0.         0.         0.         0.         0.         0.
 0.         0.         0.05991119 0.08713172 0.00724586 0.3998226
 0.         0.         0.         0.         0.         0.
 0.         0.         0.         0.         0.02250045 0.00598734
 0.43287167 0.         0.        ]
[0.         0.         0.         0.         0.         0.
 0.         0.         0.         0.         0.1780277  0.00594877
 0.         0.19242563 0.         0.         0.         0.
 0.         0.         0.         0.         0.         0.
 0.         0.00842771 0.         0.15291287 0.29303995 0.
 0.         0.         0.         0.         0.         0.
 0.         0.         0.         0.         0.         0.01630072
 0.         0.00528182 0.        ]
[0.         0.         0.         0.         0.         0.
 0.         0.         0.         0.         0.         0.
 0.         0.         0.         0.         0.         0.
 0.         0.         0.         0.         0.         0.
 0.         0.         0.         0.         0.         0.
 0.         0.         0.         0.         0.         0.
 0.         0.         0.         0.         0.         0.
 0.         0.05072119 0.03808759]
[0.         0.         0.         0.         0.         0.
 0.         0.         0.         0.         0.         0.
 0.         0.15221544 0.01967503 0.         0.         0.
 0.         0.         0.         0.         0.         0.
 0.         0.         0.         0.         0.         0.32552343
 0.         0.         0.         0.         0.         0.
 0.         0.         0.         0.         0.         0.
 0.         0.00226122 0.02067089]
[0.         0.         0.         0.         0.         0.
 0.         0.         0.         0.         0.         0.
 0.         0.         0.         0.         0.         0.
 0.         0.         0.         0.         0.         0.
 0.         0.         0.         0.         0.18419741 0.
 0.         0.         0.         0.         0.         0.
 0.         0.         0.         0.         0.         0.
 0.         0.         0.0296662 ]
[0.         0.         0.10386726 0.         0.         0.00985437
 0.40864092 0.74826344 1.94432191 0.45973457 1.47184247 0.
 1.82591384 0.54724372 0.         0.         0.         0.
 0.         0.0254746  0.         0.         0.         0.83929157
 0.         0.27802753 0.         0.1993112  4.85769293 0.
 0.         0.         0.         0.         0.         0.
 0.         0.29586792 0.         0.         0.19486692 0.33932227
 2.86166258 0.         2.80995588]
[0.         0.         0.         0.         0.         0.
 0.         0.         0.         0.         0.         0.
 0.         0.         0.         0.67632358 0.         0.
 0.         0.         0.         0.         0.         0.
 0.         0.         0.         0.         0.         0.
 0.         0.         0.         0.         0.         0.
 0.         0.         0.         0.         0.         0.
 0.         0.         0.        ]
[0.         0.         0.         0.         0.         0.
 0.         0.         0.         0.         0.         0.
 0.         0.         0.         0.         0.         0.
 0.         0.         0.         0.         0.         0.
 0.         0.         0.         0.         0.         0.
 0.         0.13570842 0.         0.         0.         0.
 0.         0.         0.         0.         0.         0.
 0.         0.         0.        ]
[0. 0. 0. 0. 0. 0. 0. 0. 0. 0. 0. 0. 0. 0. 0. 0. 0. 0. 0. 0. 0. 0. 0. 0.
 0. 0. 0. 0. 0. 0. 0. 0. 0. 0. 0. 0. 0. 0. 0. 0. 0. 0. 0. 0. 0.]
[0.         0.         0.         0.         0.         0.
 0.         0.         0.         0.         0.         0.
 0.         0.         0.         0.         0.         0.
 0.         0.         0.         0.         0.         0.
 0.         0.         0.         0.         0.         0.
 0.         0.         0.         0.23779767 0.         0.
 0.         0.         0.         0.         0.         0.
 0.         0.         0.        ]
[0.         0.         0.         0.         0.00162354 0.0116091
 0.         0.01790755 0.         0.1481072  0.         0.
 0.03835186 0.1009646  0.50886862 0.         0.         0.
 0.         0.         0.00958824 0.44504275 0.42620908 0.00684009
 0.85808416 0.30682949 0.33449671 0.15935689 0.         0.12788595
 0.         0.         0.         0.         0.         0.
 0.39104207 0.47574782 0.29791216 0.01446048 0.13673899 0.
 0.87230953 0.         0.58438803]
[0.         0.         0.         0.         0.         0.
 0.00347745 0.00429226 0.         0.01059336 0.         0.29317063
 0.         1.28384532 0.8836315  0.         0.         0.
 0.         0.         0.         0.09270489 0.08933153 0.01611117
 0.22741301 0.07218844 0.04850105 0.03925885 0.40500181 1.66303194
 0.         0.         0.         0.         0.         0.
 0.         0.00615697 0.14296011 0.08277665 0.92477245 0.
 0.         0.         0.94446801]
[0.         0.         0.         0.         0.         0.
 0.         0.11827816 0.17469261 0.51004692 0.11250681 0.
 0.34537625 0.07041389 0.         0.         0.         0.
 0.         0.         0.         0.         0.00105342 0.
 0.19162231 0.         0.         0.04754705 0.73952672 0.02523114
 0.         0.         0.         0.         0.         0.
 0.11679846 0.         0.20418284 0.         0.         0.00883563
 0.67673856 0.83555042 0.5897692 ]
[0.00000000e+00 0.00000000e+00 0.00000000e+00 0.00000000e+00
 0.00000000e+00 0.00000000e+00 0.00000000e+00 1.61763452e-03
 1.59308033e-01 1.25048493e-01 2.55526285e-01 1.40599177e-01
 0.00000000e+00 2.15549156e-01 1.75709436e+00 0.00000000e+00
 0.00000000e+00 0.00000000e+00 0.00000000e+00 0.00000000e+00
 0.00000000e+00 0.00000000e+00 0.00000000e+00 0.00000000e+00
 4.49240487e-01 4.45827859e-02 2.87368912e-02 0.00000000e+00
 0.00000000e+00 8.78373976e-01 0.00000000e+00 0.00000000e+00
 0.00000000e+00 0.00000000e+00 0.00000000e+00 0.00000000e+00
 0.00000000e+00 0.00000000e+00 0.00000000e+00 0.00000000e+00
 3.24526419e-01 2.46229306e-02 7.42701858e-01 2.98172422e-02
 1.42797079e+00]
[0.         0.         0.         0.         0.         0.
 0.         0.         0.         0.00340346 0.15146086 0.
 0.16916355 0.6947479  0.         0.         0.         0.
 0.         0.         0.         0.         0.         0.
 0.0091666  0.01862237 0.13607417 0.         0.73139351 0.
 0.         0.         0.         0.         0.         0.
 0.         0.         0.         0.         0.06427306 0.12060866
 0.         0.26873064 0.02762087]
[0.         0.         0.         0.         0.         0.
 0.         0.         0.         0.         0.01353562 0.
 0.41255848 0.         0.08403981 0.         0.         0.
 0.         0.         0.         0.         0.         0.
 0.         0.         0.         0.         0.01119781 0.03645273
 0.         0.         0.         0.         0.         0.
 0.         0.         0.         0.38330666 0.         0.21621534
 0.16833616 0.46128879 0.        ]
[0.00000000e+00 0.00000000e+00 0.00000000e+00 0.00000000e+00
 0.00000000e+00 0.00000000e+00 0.00000000e+00 0.00000000e+00
 0.00000000e+00 0.00000000e+00 3.47801143e-04 2.03181441e-01
 1.92861022e-01 0.00000000e+00 3.55583687e-01 0.00000000e+00
 0.00000000e+00 0.00000000e+00 0.00000000e+00 0.00000000e+00
 0.00000000e+00 0.00000000e+00 0.00000000e+00 0.00000000e+00
 0.00000000e+00 2.01064253e-02 5.82853363e-02 1.91938675e-02
 0.00000000e+00 5.39739557e-01 0.00000000e+00 0.00000000e+00
 0.00000000e+00 0.00000000e+00 0.00000000e+00 0.00000000e+00
 0.00000000e+00 0.00000000e+00 0.00000000e+00 0.00000000e+00
 0.00000000e+00 0.00000000e+00 1.07899730e-01 0.00000000e+00
 0.00000000e+00]
[0.         0.         0.         0.         0.         0.
 0.         0.         0.         0.         0.         0.
 0.26012034 0.08435224 0.23721797 0.         0.         0.
 0.         0.         0.         0.         0.         0.
 0.         0.         0.         0.00291318 0.         0.05248242
 0.         0.         0.         0.         0.         0.
 0.         0.         0.         0.         0.         0.
 0.         0.30190816 0.02420127]
[0.         0.         0.         0.         0.         0.
 0.         0.         0.         0.         0.         0.
 0.         0.17138264 0.         0.         0.         0.
 0.         0.         0.         0.         0.         0.
 0.         0.         0.         0.04202634 0.02315235 0.
 0.         0.         0.         0.         0.         0.
 0.         0.         0.         0.         0.         0.
 0.08410696 0.         0.        ]
[0.         0.         0.         0.         0.         0.
 0.         0.         0.         0.         0.         0.
 0.         0.00082695 0.03244567 0.         0.         0.
 0.         0.         0.         0.         0.         0.
 0.         0.         0.         0.         0.02212487 0.00235264
 0.         0.         0.         0.         0.         0.
 0.         0.         0.         0.         0.         0.
 0.         0.         0.        ]
[0.         0.         0.09054868 0.17361577 0.         0.44968166
 0.01227091 0.         0.         0.         0.         4.14923902
 0.93430451 1.92160991 0.         0.         0.         0.
 0.         0.17583193 0.0209011  0.02501491 2.71195163 0.
 0.02842121 0.27118639 0.03708314 0.12918781 0.16463925 0.135673
 0.03754178 0.01766603 0.         0.12443835 0.         0.02770639
 0.         0.56278858 0.         0.13626006 0.         1.40903857
 0.         2.89566435 0.        ]
[0.         0.         0.00929338 0.         0.50050132 0.
 0.41285991 0.         0.17567689 0.68096717 0.16454641 0.
 1.57247827 0.         0.19235484 0.         0.         0.
 0.         0.         0.         0.         0.32552625 0.14689373
 0.         0.         0.         0.         0.         0.25775451
 0.         0.02059893 0.08031555 0.         0.14495106 0.
 1.1487059  0.         0.58855817 0.9357221  0.         2.16589893
 0.1077711  2.10378907 2.65281003]
[0.         0.05228419 0.         0.79447092 0.57300617 0.80555092
 0.1556288  0.72138081 0.11861766 0.26376468 0.24881883 1.72937433
 0.         0.         0.         0.         0.         0.
 0.         0.04684467 0.10062491 0.         0.         0.
 0.12118983 0.         0.         0.63608634 0.02420116 0.09950917
 0.         0.         0.         0.         0.0144277  0.19858318
 0.         0.26670053 0.         0.         0.         0.
 0.         1.26082342 1.35236792]
[0.         0.         0.         0.         0.48632225 0.02943662
 0.27000543 0.         0.47605848 0.1502069  0.         0.
 1.54838505 0.21703572 0.         0.         0.         0.
 0.         0.00345632 0.07785633 0.         0.         0.06184769
 0.1856048  0.16571444 0.06056588 0.35715423 0.         0.18978359
 0.         0.         0.         0.         0.0057683  0.03960953
 0.0496755  0.         0.         0.22001907 0.38889835 0.17292883
 1.41115689 0.         1.67166037]
[0.00000000e+00 0.00000000e+00 0.00000000e+00 8.24334401e-02
 0.00000000e+00 2.31231408e-01 5.10948603e-02 0.00000000e+00
 7.20337229e-01 1.65147572e-02 2.99250685e-02 1.18851686e-01
 2.19462529e-02 0.00000000e+00 9.82298022e-01 0.00000000e+00
 0.00000000e+00 0.00000000e+00 0.00000000e+00 7.38558083e-02
 0.00000000e+00 0.00000000e+00 5.54923363e-02 2.91102513e-01
 1.04229552e-01 2.46183234e-01 7.00977165e-02 0.00000000e+00
 9.13206780e-01 1.78245289e+00 0.00000000e+00 0.00000000e+00
 0.00000000e+00 0.00000000e+00 1.39748032e-03 0.00000000e+00
 1.70171946e-02 6.09733366e-01 1.17029575e-01 0.00000000e+00
 7.98033029e-02 0.00000000e+00 1.06716119e+00 5.46707031e-01
 4.96143613e-01]
[0.         0.         0.         0.         0.         0.
 0.2052479  0.         0.76738312 0.42418166 0.15054683 0.01397192
 0.09446087 0.         0.05802734 0.         0.         0.
 0.         0.         0.         0.         0.01498975 0.
 0.         0.         0.01946422 0.96372549 0.         0.
 0.         0.         0.         0.         0.         0.01069125
 0.         0.61837524 0.38164013 0.         0.11716381 0.
 0.         0.94713304 0.87908097]
[0.         0.         0.         0.         0.         0.
 0.         0.         0.         0.         0.00823129 0.
 0.77312862 0.06258802 0.02750042 0.         0.         0.
 0.         0.         0.         0.00353315 0.         0.
 0.0182011  0.05212378 0.39007627 0.48965271 0.         0.
 0.         0.         0.         0.         0.         0.
 0.0281771  0.00355507 0.01808582 0.00960744 0.2753124  0.28928965
 0.         0.10064528 0.03588571]
[0.         0.         0.         0.         0.         0.
 0.27046373 0.         0.         0.         0.         0.
 0.         0.         0.         0.         0.         0.
 0.         0.         0.         0.         0.         0.
 0.         0.         0.         0.         0.         0.
 0.         0.         0.         0.         0.         0.
 0.         0.         0.         0.         0.         0.
 0.         0.         0.        ]
[0.         0.         0.         0.         0.         0.
 0.         0.073304   0.         0.3959153  0.54390309 0.11310742
 0.17315017 0.         0.         0.         0.         0.
 0.         0.         0.         0.         0.         0.00339382
 0.1349978  0.         0.         0.10601341 0.11703296 0.
 0.         0.         0.         0.         0.         0.
 0.         0.         0.00221965 0.02696058 0.         0.
 0.22681368 0.34338139 0.01326873]
[0.         0.         0.         0.         0.         0.
 0.         0.         0.         0.         0.1736921  0.2408123
 0.01865988 0.         0.22183814 0.         0.         0.
 0.         0.         0.         0.         0.         0.
 0.14869169 0.         0.         0.04637219 0.00808279 0.07263017
 0.         0.         0.         0.         0.         0.
 0.         0.         0.         0.         0.         0.04811817
 0.06877315 0.17879674 0.05527367]
[0.         0.         0.         0.         0.         0.
 0.         0.         0.         0.07501411 0.         0.
 0.         0.03695271 0.01334936 0.         0.         0.
 0.         0.         0.         0.         0.         0.
 0.00043081 0.0364407  0.         0.         0.         0.
 0.         0.         0.         0.         0.         0.
 0.         0.         0.         0.         0.07118921 0.00892654
 0.         0.         0.        ]
[0.         0.         0.         0.         0.         0.
 0.         0.         0.         0.         0.         0.
 0.         0.34090105 0.09080982 0.         0.         0.
 0.         0.         0.         0.         0.         0.
 0.         0.         0.03392421 0.24675727 0.         0.39439527
 0.         0.         0.         0.         0.         0.
 0.         0.         0.         0.         0.         0.05951636
 0.03276318 0.4056914  0.60862423]
[0.         0.         0.         0.         0.         0.
 0.         0.         0.         0.         0.         0.
 0.         0.18307511 0.20461185 0.         0.         0.
 0.         0.         0.         0.         0.         0.
 0.         0.         0.         0.02107247 0.         0.
 0.         0.         0.         0.         0.         0.
 0.         0.         0.         0.         0.         0.
 0.01105178 0.         0.        ]
[0.         0.         0.         0.         0.         0.
 0.         0.         0.         0.         0.         0.
 0.         0.         0.         0.         0.         0.
 0.         0.         0.         0.         0.         0.
 0.         0.         0.         0.         0.         0.02080548
 0.         0.         0.         0.         0.         0.
 0.         0.         0.         0.         0.         0.
 0.         0.00193864 0.        ]
[0.         0.         0.         0.         0.         0.
 0.         0.         0.         0.         0.         0.
 0.         0.         0.         0.         0.         0.
 0.         0.         0.         0.         0.         0.
 0.         0.         0.         0.         0.         0.
 0.         0.         0.         0.         0.         0.
 0.         0.         0.         0.         0.         0.
 0.         0.         0.00066589]
[0. 0. 0. 0. 0. 0. 0. 0. 0. 0. 0. 0. 0. 0. 0. 0. 0. 0. 0. 0. 0. 0. 0. 0.
 0. 0. 0. 0. 0. 0. 0. 0. 0. 0. 0. 0. 0. 0. 0. 0. 0. 0. 0. 0. 0.]
[0.         0.         0.         0.         0.         0.
 0.         0.         0.         0.         0.         0.
 0.         0.         0.         0.41619913 0.         0.
 0.         0.         0.         0.         0.         0.
 0.         0.         0.         0.         0.         0.
 0.         0.         0.         0.         0.         0.
 0.         0.         0.         0.         0.         0.
 0.         0.         0.        ]
[0.         0.         0.         0.         0.         0.
 0.         0.         0.         0.         0.         0.
 0.         0.         0.         0.         0.29548914 0.
 0.         0.         0.         0.         0.         0.
 0.         0.         0.         0.         0.         0.
 0.         0.         0.         0.         0.         0.
 0.         0.         0.         0.         0.         0.
 0.         0.         0.        ]
[0.         0.         0.         0.         0.00402799 0.04944705
 0.         0.         0.17482328 0.34273007 0.56462857 0.02411496
 0.         2.26100691 3.31766564 0.         0.         0.
 0.         0.09174937 0.         1.01423296 0.         0.30986156
 0.         0.         0.06837865 3.33099472 0.33366929 0.
 0.         0.         0.         0.01765709 0.00752519 0.17016147
 0.36491741 0.         0.12812447 0.         0.         0.
 1.03991681 0.         0.        ]
[0.         0.         0.         0.02775323 0.01399166 0.
 0.05170774 0.28175675 0.13165661 0.03166695 0.01251099 1.01170726
 0.55848079 0.05926088 0.         0.         0.         0.
 0.08001186 0.         0.1762209  0.50932023 0.18595686 0.74411341
 0.10074026 0.01667915 0.95889593 0.         1.31882369 0.58859263
 0.         0.         0.         0.         0.04102141 0.
 0.03896451 0.         0.         0.57604374 0.         0.
 0.42987265 0.16858436 1.43656853]
[0.         0.         0.         0.         0.         0.00482126
 0.         0.         0.         0.         0.37871968 0.
 0.06375961 0.77747808 1.69341423 0.         0.         0.
 0.         0.         0.         0.01102056 0.60858123 0.8954463
 0.12695864 0.67143325 0.51339994 0.11351549 0.17608362 1.72139052
 0.         0.         0.         0.         0.         0.00291952
 0.00828506 0.         0.08679654 0.01075285 1.50158527 0.06578208
 0.         0.3323743  0.        ]
[0.         0.         0.         0.         0.         0.
 0.00613902 0.06016403 0.         0.07162981 0.         0.
 0.         1.97291471 0.32607585 0.         0.         0.
 0.         0.         0.         0.         0.05733006 0.26952742
 0.5660596  1.4567343  0.16886339 0.36907233 0.50987459 0.01485847
 0.         0.         0.         0.         0.         0.
 0.         0.11827998 0.13714562 0.0213513  0.         0.13054813
 1.04166707 0.         0.17785657]
[0.         0.         0.         0.         0.         0.
 0.00111962 0.02403683 0.02513755 0.         0.         0.
 0.43533152 0.         0.0153902  0.         0.         0.
 0.         0.         0.         0.16344443 0.         0.05306485
 0.         0.3315181  0.24879833 0.02501781 0.         0.89507953
 0.         0.         0.         0.         0.         0.
 0.01936485 0.06023679 0.0215359  0.03527579 0.         0.17087341
 0.56512348 0.         0.        ]
[0.         0.         0.         0.         0.         0.
 0.         0.         0.         0.         0.         0.14383134
 0.         0.         0.08315102 0.         0.         0.
 0.         0.         0.         0.         0.         0.
 0.02266707 0.71677051 0.04626411 0.         0.18868497 0.41603779
 0.         0.         0.         0.         0.         0.
 0.         0.0121794  0.         0.35564826 0.05587297 0.61139286
 0.03138347 1.32065679 0.        ]
[0.         0.         0.         0.         0.         0.
 0.         0.         0.         0.00602861 0.         0.09653537
 0.02186787 0.034415   0.0880427  0.         0.         0.
 0.         0.         0.         0.         0.         0.
 0.         0.08021253 0.15576738 0.20725808 0.         0.42173978
 0.         0.         0.         0.         0.         0.
 0.         0.         0.         0.00187612 0.         0.11785951
 0.         0.1558431  0.13016974]
[0.         0.         0.         0.         0.         0.
 0.         0.         0.         0.         0.         0.13097829
 0.         0.         0.15297037 0.         0.         0.
 0.         0.         0.         0.         0.         0.
 0.08318302 0.         0.         0.51656175 0.21259677 0.29463134
 0.         0.         0.         0.         0.         0.
 0.         0.         0.         0.         0.00373584 0.01704662
 0.11840834 0.24549384 0.40682432]
[0.         0.         0.         0.         0.         0.
 0.         0.         0.         0.         0.13889586 0.02632282
 0.01522141 0.03758753 0.         0.         0.         0.
 0.         0.         0.         0.         0.         0.
 0.         0.         0.         0.21435143 0.00678723 0.00770959
 0.         0.         0.         0.         0.         0.
 0.         0.         0.         0.         0.         0.
 0.25477208 0.         0.        ]
[0.         0.         0.         0.         0.         0.
 0.         0.         0.         0.         0.         0.
 0.00741983 0.06805738 0.         0.         0.         0.
 0.         0.         0.         0.         0.         0.
 0.         0.         0.         0.         0.11872978 0.19112249
 0.         0.         0.         0.         0.         0.
 0.         0.         0.         0.         0.         0.
 0.01888734 0.         0.        ]
[0.00000000e+00 0.00000000e+00 0.00000000e+00 0.00000000e+00
 0.00000000e+00 0.00000000e+00 0.00000000e+00 0.00000000e+00
 0.00000000e+00 0.00000000e+00 0.00000000e+00 0.00000000e+00
 5.80336361e-02 5.24801013e-02 0.00000000e+00 0.00000000e+00
 0.00000000e+00 0.00000000e+00 0.00000000e+00 0.00000000e+00
 0.00000000e+00 0.00000000e+00 0.00000000e+00 0.00000000e+00
 0.00000000e+00 0.00000000e+00 0.00000000e+00 8.60939702e-05
 0.00000000e+00 1.32038682e-01 0.00000000e+00 0.00000000e+00
 0.00000000e+00 0.00000000e+00 0.00000000e+00 0.00000000e+00
 0.00000000e+00 0.00000000e+00 0.00000000e+00 0.00000000e+00
 0.00000000e+00 0.00000000e+00 0.00000000e+00 4.27563628e-02
 1.56899597e-01]
[0.         0.         0.         0.         0.         0.
 0.         0.         0.         0.         0.         0.
 0.         0.00134452 0.11173877 0.         0.         0.
 0.         0.         0.         0.         0.         0.
 0.         0.         0.         0.         0.05389456 0.
 0.         0.         0.         0.         0.         0.
 0.         0.         0.         0.         0.         0.
 0.         0.         0.01408595]
[0.         0.         0.00807628 0.01033712 0.22707854 0.
 0.         0.34498301 0.18208542 0.80169858 0.         0.04996358
 0.45109425 0.46040108 1.53606192 0.         0.         0.04086442
 0.         0.05944371 0.65317068 0.09830464 0.         1.55774915
 0.         0.44682739 0.74210719 1.07590852 0.49613733 0.14898834
 0.         0.03079726 0.0182404  0.         0.07950752 0.26870892
 0.36313283 0.03640219 0.         0.22594654 0.         0.13192708
 0.         0.         1.23008105]
[0.         0.         0.         0.38947366 0.         0.
 0.10292168 0.         0.02070387 0.         0.         0.14389548
 0.72698529 0.         1.28176557 0.         0.         0.05356887
 0.         0.12565423 0.         0.         0.12597177 0.
 0.04206761 0.         0.32833207 1.34215067 1.4093764  0.92830969
 0.16709411 0.         0.24746228 0.         0.10265752 0.114546
 0.08790972 0.65982927 0.0537514  0.38643403 1.37347287 0.01875314
 0.         0.         0.        ]
[0.         0.         0.120692   0.         0.68814066 0.01825281
 0.05497583 0.32618626 0.         0.01563207 0.33168659 1.37755934
 0.         0.         0.05931932 0.         0.         0.02208646
 0.         0.         0.         0.48197297 0.64926329 0.08448366
 0.10550958 0.15011388 0.         0.         0.         0.1243033
 0.         0.         0.         0.33200023 0.80064559 0.03458143
 0.23633325 0.10167991 1.42191154 0.9282848  0.         0.
 0.17759725 0.95565199 0.89021663]
[0.         0.         0.         0.         0.00307224 0.
 0.         0.         0.01094518 0.         0.38614148 0.08749211
 1.46208745 0.59582771 0.         0.         0.         0.
 0.         0.05157013 0.00656701 0.02221224 0.         0.01498573
 0.         0.04463807 0.11742227 0.08488809 0.1852409  0.26796708
 0.         0.         0.         0.         0.11877123 0.03035931
 0.02843334 0.12174946 0.01409796 0.598404   0.60658984 0.06287632
 0.02338593 0.08094318 0.40563671]
[0.         0.         0.         0.         0.         0.11571661
 0.         0.3805528  0.00834955 0.         0.08614747 0.41949491
 0.         0.61713409 0.         0.         0.         0.
 0.         0.00577357 0.01266593 0.         0.21996773 0.
 0.         0.         0.         0.         0.23731275 0.08963223
 0.         0.         0.         0.13868054 0.         0.09835015
 0.09935866 0.30807998 0.0769734  0.02116184 0.         0.31637144
 0.08776347 0.         0.        ]
[0.00000000e+00 0.00000000e+00 0.00000000e+00 0.00000000e+00
 1.04654427e-03 3.92137428e-03 0.00000000e+00 0.00000000e+00
 1.28268729e-02 0.00000000e+00 2.23558079e-01 1.24042844e-02
 2.38767168e-02 2.41007880e-01 2.50305286e+00 0.00000000e+00
 0.00000000e+00 0.00000000e+00 0.00000000e+00 0.00000000e+00
 0.00000000e+00 0.00000000e+00 4.99696157e-02 0.00000000e+00
 8.94043196e-02 0.00000000e+00 5.78649806e-02 0.00000000e+00
 4.47078254e+00 0.00000000e+00 0.00000000e+00 0.00000000e+00
 0.00000000e+00 0.00000000e+00 0.00000000e+00 0.00000000e+00
 9.26688736e-03 1.04056672e-01 0.00000000e+00 7.06830785e-02
 2.83340941e-01 5.40117171e-01 1.33051059e-01 2.27449674e-01
 5.99918332e-01]
[0.         0.         0.         0.         0.         0.
 0.00456298 0.         0.09166913 0.06309295 0.         0.11745087
 1.15684009 0.81553803 0.0170598  0.         0.         0.
 0.         0.         0.         0.0323211  0.         0.
 0.         0.33026039 0.06039169 2.75655359 0.38935748 0.18475824
 0.         0.         0.         0.         0.         0.
 0.         0.01914581 0.56556727 0.29549011 0.49161439 0.32003824
 0.         0.         0.        ]
[0.         0.         0.         0.         0.         0.
 0.00688861 0.         0.         0.04203081 0.00905941 0.01520781
 0.21455584 0.65794569 0.         0.         0.         0.
 0.         0.         0.         0.         0.00227408 0.02538064
 0.04591853 0.04024592 0.         0.04641958 0.         1.56700944
 0.         0.         0.         0.         0.         0.
 0.16319488 0.         0.01925641 0.22607598 0.59295145 0.46254191
 0.         0.01840791 0.        ]
[0.         0.         0.         0.         0.         0.
 0.         0.         0.         0.0190813  0.01033137 0.17847701
 0.02166064 0.17698157 0.50786736 0.         0.         0.
 0.         0.         0.         0.         0.         0.10677284
 0.26762316 0.11630504 0.08801568 0.07953736 0.05357179 0.02019628
 0.         0.         0.         0.         0.         0.
 0.         0.         0.         0.15356036 0.02856321 0.
 0.         0.19833015 0.        ]
[0.         0.         0.         0.         0.         0.
 0.         0.         0.         0.         0.         0.
 0.06763564 0.08967826 0.19873527 0.         0.         0.
 0.         0.         0.         0.         0.         0.
 0.03466221 0.         0.05156013 0.01975485 0.75466913 0.03834193
 0.         0.         0.         0.         0.         0.
 0.         0.         0.         0.         0.         0.
 0.21381315 0.01665766 0.06357636]
[0.         0.         0.         0.         0.         0.
 0.         0.         0.         0.         0.         0.
 0.         0.         0.         0.         0.         0.
 0.         0.         0.         0.         0.         0.
 0.         0.         0.         0.         0.         0.
 0.         0.         0.         0.         0.         0.
 0.         0.         0.         0.28546571 0.         0.
 0.         0.         0.        ]
[0.         0.         0.         0.         0.         0.
 0.         0.         0.         0.         0.00315111 0.00732705
 0.         0.55518319 0.6038765  0.         0.         0.
 0.         0.         0.         0.         0.         0.
 0.         0.02374128 0.01859842 0.06251907 0.         0.
 0.         0.         0.         0.         0.         0.
 0.         0.         0.         0.         0.         0.
 0.         0.         0.01046417]
[0.         0.         0.         0.         0.         0.
 0.         0.         0.         0.         0.         0.
 0.         0.17322459 0.03538697 0.         0.         0.
 0.         0.         0.         0.         0.         0.
 0.         0.         0.         0.         0.09603896 0.03580916
 0.         0.         0.         0.         0.         0.
 0.         0.         0.         0.         0.         0.
 0.         0.         0.01076175]
[0.         0.         0.         0.         0.         0.
 0.         0.         0.         0.         0.         0.
 0.00353315 0.01569816 0.23807155 0.         0.         0.
 0.         0.         0.         0.         0.         0.
 0.         0.         0.         0.01820502 0.04124996 0.26753906
 0.         0.         0.         0.         0.         0.
 0.         0.         0.         0.         0.         0.
 0.02455652 0.         0.07973046]
[0.         0.         0.         0.         0.         0.
 0.         0.         0.         0.         0.         0.
 0.         0.         0.         0.         0.         0.
 0.         0.         0.         0.         0.         0.
 0.         0.         0.         0.         0.02086974 0.00456753
 0.         0.         0.         0.         0.         0.
 0.         0.         0.         0.         0.         0.
 0.         0.19092255 0.        ]
[]
[]
[]
[]
[]
[]
[]
[]
[]
[]
[]
[]
[]
[]
[]
[]
[]
[]
[]
[]
[]
[]
[]
[]
[]
[]
[]
[]
[]
[]
[]
[]
[]
[]
[]
[]
[]
[]
[]
[]
[]
[]
[]
[]
[]
