89610.14443683268
90332.34865712638
90591.52049313732
92302.45438145779
91486.72737563957
92199.34415963455
95430.42178978317
91656.29194455102
91026.03027427473
93906.8211143511
96692.83464186265
94575.15244717448
95883.1595206865
98598.55215429368
95616.74260772561
93705.94512329136
94920.39618789559
95816.27776387516
95400.01816710083
96160.79513975035
99383.30793214764
94464.0418128505
95332.0363400236
93780.65038379608
98087.20629787132
94853.6568651501
95312.64603478224
95005.15926482594
96514.20194833352
98664.29839262493
96274.29427172852
95441.79928113328
96808.61329579222
97313.28070677673
97701.13203131968
99156.30737076797
101149.94210872664
95565.55299082263
92605.38595959455
94067.05251585475
96406.65039411414
94681.58633223195
96648.01392466699
98934.98414196
96630.38982315885
97214.89254033938
100540.03008677646
97103.28358107056
98449.22241240533
96185.56326463766
