0.02455651663978889
0.0031711550991521276
0.002472137566838917
0.00241383995929687
0.0020347996108450676
0.0015835689920199328
0.0015466481009809984
0.0013650325558229354
0.0012110250473366373
0.0010714501231407654
0.0009939075889461018
0.000906027947097249
0.000805172576235471
0.0007483362025000912
0.0006944630918277109
0.0006302219880426844
0.0005386941654261767
0.0004966570416283668
0.00045792478906358337
0.00041063008784952615
0.0003444306988354244
0.00033410169600285263
0.0003492685516285996
0.0002820071206540639
0.00025237179655859424
0.0002371467363200516
0.0002093088539883228
0.00019207358292589268
0.0001797371686256023
0.0001545796931999177
0.00014132604124845663
0.00012228134853807727
0.00011320725107550474
0.00011494756470530415
0.00010770204762397777
8.551354053169619e-05
8.609397017291518e-05
6.887851853627452e-05
7.398819395463202e-05
6.635270166326164e-05
5.6852069678318295e-05
4.991001146769576e-05
4.937599918610883e-05
4.306243566683789e-05
4.05377195152469e-05
4.027989550013516e-05
3.511400457581727e-05
3.057311906277452e-05
2.6675880490543904e-05
2.8983428567335683e-05
