[0.000333853702492848, 53.00145368557255, 82.00012225006091, 207.00436982981086, 254.00464572312725, 304.00360921479313, 423.01139308876867, 458.0118977049881, 507.01071290813184, 620.0185842677046, 654.0186407445269, 706.0165272482625, 823.0264061808867, 887.025814445011, 931.0246368397052, 0.0031241271577787423, 24.00324205132885, 60.99828745983003, 187.00001439728547, 239.0011084419693, 285.0000773004608, 414.00865793069204, 443.00827396921665, 492.0079214446006, 619.0173402311469, 669.0168075001064, 698.0171240626987, 824.0267981320446, 879.0263829821465, 913.0265725556819, 0.0005867154415049591, 27.99644134518863, 71.99503317631391, 186.00187976822335, 226.002421246208, 294.00205067046556, 416.0088933209004, 452.0080573440327, 493.0083037793189, 616.0167232349456, 641.0165626035292, 692.0162636694868, 812.0220352936345, 855.0254202207346, 896.0252241494912]
[54.00830904618727, 100.00571204694634, 135.00606756731003, 262.0115961699321, 301.0116087730908, 345.0117493103621, 468.01821130334474, 507.01859712134666, 555.018210055744, 667.0253929491515, 709.0252005004658, 759.0253092747155, 877.032767723775, 932.0334684678467, 979.0352647506754, 46.005877609080066, 74.00536531668378, 116.00511151924894, 242.0064288927166, 283.0069702335005, 334.0066621966788, 457.0152158876051, 488.0158306253336, 535.0156505482664, 672.0238619132857, 711.0242147153115, 748.0242223858896, 877.0342549600788, 924.0339807394527, 968.0336327360371, 49.004298739417216, 80.00173310736676, 125.00159811377209, 236.00851590820906, 281.0091608044611, 337.0083043733767, 461.0156859132989, 494.01583271317105, 545.0159484215951, 658.0237231094135, 696.0236337364418, 746.0235851087336, 863.0337765658447, 901.0330828155786, 944.0338686203055]
[104.00982415379286, 143.00982415379286, 182.00982415379286, 310.01494823850015, 348.01494823850015, 396.01494823850015, 520.0204199478857, 563.0204199478857, 600.0204199478857, 717.0265929976186, 758.0265929976186, 808.0265929976186, 932.0353602456936, 982.0353602456936, 1025.0353602456935, 88.00742530814844, 128.00742530814844, 172.00742530814844, 292.01025170119254, 339.01025170119254, 376.01025170119254, 500.01789984501437, 541.0178998450144, 590.0178998450144, 720.0256196050395, 764.0256196050395, 803.0256196050395, 931.035584920199, 976.035584920199, 1020.035584920199, 91.00570019987404, 131.00570019987404, 174.00570019987404, 291.01183285483546, 336.01183285483546, 384.01183285483546, 506.0180022100632, 547.0180022100632, 592.0180022100632, 711.0247518752967, 751.0247518752967, 789.0247518752967, 908.0342401645864, 957.0342401645864, 995.0342401645864]
[0.010424421063816955, 0.015530149800164178, 0.020993262451242556, 0.027161755771347745, 0.035924519838665195, 0.008044457308384281, 0.010848836635611564, 0.018476003994667353, 0.026188651175159283, 0.03614818436910763, 0.006326424216692619, 0.01242362396772323, 0.018578836162965573, 0.025322225666511156, 0.03480521781323191, 0.0006002674736286951, 0.0005819118544876942, 0.00057331470283242, 0.0005687581796874931, 0.0005642746924051315, 0.0006191494133776353, 0.0005971350911618571, 0.000576159249070147, 0.00056904250632919, 0.0005632654808689855, 0.000626224615308377, 0.0005907694133089371, 0.0005766259390921876, 0.000570348182376129, 0.0005650469976474235]
[]
[]
[]
[]
[]
[]
[]
[]
[]
[]
[]
[]
[]
[]
[]
[]
[]
[]
[]
[]
[]
[]
[]
[]
[]
[]
[]
[]
[]
[]
[]
[]
[]
[]
[]
[]
[]
[]
[]
[]
[]
[]
[]
[]
[]
[]
[]
[]
[]
[]
[]
[]
[]
[]
[]
[]
[]
[]
[]
[]
[]
[]
[]
[]
[]
[]
[]
[]
[]
[]
[]
[]
[]
[]
[]
[]
[]
[]
[]
[]
[]
[]
[]
[]
[]
[]
[]
[]
[]
[]
[]
[]
[]
[]
[]
[]
[]
[]
[]
[]
[]
[]
[]
[]
[]
[]
[]
[]
[]
[]
[]
[]
[]
[]
[]
[]
[]
[]
[]
[]
[]
[]
[]
[]
[]
[]
[]
[]
[]
[]
[]
