[2.522676708971137e-08, 52.99999999695686, 81.99999999978945, 207.00000002653005, 254.0000000269618, 304.0000000604652, 423.00000004213433, 458.0000000430034, 507.00000006784876, 620.0000000858213, 654.0000000574315, 706.0000000942546, 823.0000000938494, 887.0000001023748, 931.0000001023748, 9.338933959788753e-09, 23.999999915044715, 60.99999998388845, 187.00000003497897, 239.00000003501538, 285.0000000434161, 414.0000000326283, 443.0000000341158, 492.0000000670723, 619.0000000574298, 669.0000000814783, 698.000000057568, 824.0000001146564, 879.0000000806117, 913.000000081405, 1.38325830789654e-08, 27.999999929758776, 71.99999999450905, 186.00000000155904, 226.00000000237085, 294.00000003569954, 416.000000020123, 452.0000000206945, 493.0000000541078, 616.0000000350572, 641.0000000373195, 692.0000000699214, 812.000000072942, 855.0000000735259, 896.0000000985766]
[54.000000032295446, 100.00000002370118, 135.00000002400097, 262.00000005199894, 301.00000005207784, 345.0000000604652, 468.0000000677741, 507.00000006793465, 555.0000000678488, 667.0000000858213, 709.0000000854202, 759.0000000942546, 877.0000000938494, 932.0000001023748, 979.0000001023748, 46.00000001638994, 74.00000000825482, 116.00000001197985, 242.00000003497897, 283.0000000350154, 334.0000000434161, 457.00000005855543, 488.00000005877126, 535.0000000670723, 672.0000000815411, 711.0000000814783, 748.0000000816076, 877.0000001146564, 924.0000001062529, 968.0000001063086, 49.00000001383258, 80.00000000742529, 125.0000000187726, 236.0000000272016, 281.00000002733145, 337.00000003569954, 461.00000004562935, 494.0000000457604, 545.0000000541078, 658.0000000613136, 696.0000000616832, 746.0000000699214, 863.0000000984903, 901.0000000985152, 944.0000000985766]
[104.00000003229545, 143.00000003229545, 182.00000003229545, 310.0000000604651, 348.0000000604651, 396.0000000604651, 520.000000076267, 563.000000076267, 600.000000076267, 717.0000000942528, 758.0000000942528, 808.0000000942528, 932.0000001023732, 982.0000001023732, 1025.0000001023732, 88.00000002079906, 128.00000002079906, 172.00000002079906, 292.00000004341604, 339.00000004341604, 376.00000004341604, 500.00000006707427, 541.0000000670743, 590.0000000670743, 720.0000000898607, 764.0000000898607, 803.0000000898607, 931.0000001146554, 976.0000001146554, 1020.0000001146554, 91.0000000187726, 131.0000000187726, 174.0000000187726, 291.00000003569954, 336.00000003569954, 384.00000003569954, 506.00000005410817, 547.0000000541081, 592.0000000541081, 711.0000000699199, 751.0000000699199, 789.0000000699199, 908.0000001069333, 957.0000001069333, 995.0000001069333]
[3.460672467090334e-08, 6.264946982472192e-08, 7.843810286275928e-08, 8.617398470569172e-08, 1.0453002964423123e-07, 2.526621529958999e-08, 4.562892264212268e-08, 6.924974890837227e-08, 9.202627407842969e-08, 1.1680789380321935e-07, 1.985424478378632e-08, 3.793402963321576e-08, 5.6301464538838327e-08, 7.209703597075911e-08, 1.0908776550692034e-07, 2.315237170760933e-09, 2.184449537340287e-09, 2.1681295662759506e-09, 2.1643707599897877e-09, 2.157391381859049e-09, 2.3039409787411304e-09, 2.212975627047966e-09, 2.1771618832026655e-09, 2.160293071884184e-09, 2.150912653196977e-09, 2.3845288927171262e-09, 2.2349567633725807e-09, 2.193274361311737e-09, 2.1747975866011626e-09, 2.152696395889424e-09]
[]
[]
[]
[]
[]
[]
[]
[]
[]
[]
[]
[]
[]
[]
[]
[]
[]
[]
[]
[]
[]
[]
[]
[]
[]
[]
[]
[]
[]
[]
[]
[]
[]
[]
[]
[]
[]
[]
[]
[]
[]
[]
[]
[]
[]
[]
[]
[]
[]
[]
[]
[]
[]
[]
[]
[]
[]
[]
[]
[]
[]
[]
[]
[]
[]
[]
[]
[]
[]
[]
[]
[]
[]
[]
[]
[]
[]
[]
[]
[]
[]
[]
[]
[]
[]
[]
[]
[]
[]
[]
[]
[]
[]
[]
[]
[]
[]
[]
[]
[]
[]
[]
[]
[]
[]
[]
[]
[]
[]
[]
[]
[]
[]
[]
[]
[]
[]
[]
[]
[]
[]
[]
[]
[]
[]
[]
[]
[]
[]
[]
[]
