[0. 0. 0. 0. 0. 0. 0. 0. 0. 0. 0. 0. 0. 0. 0. 0. 0. 0. 0. 0. 0. 0. 0. 0.
 0. 0. 0. 0. 0. 0. 0. 0. 0. 0. 0. 0. 0. 0. 0. 0. 0. 0. 0. 0. 0.]
[0.         0.         0.         0.         0.         0.0260731
 0.         0.         0.         0.         0.         0.
 0.64014287 0.         0.         0.         0.         0.
 0.41994246 0.         0.         0.         0.         0.
 0.         0.61729223 0.         0.         0.97928135 0.25551746
 0.         0.         0.00317618 0.         0.         0.
 0.2850939  0.07977253 0.         0.         0.         0.26395455
 0.06168443 1.68191521 0.05440303]
[0.         0.07256799 0.         0.15685021 0.         0.03395474
 0.         0.         0.         0.35053766 0.         0.
 0.         0.26853472 0.         0.         0.         0.
 0.         0.         0.0267674  0.08345951 0.         0.49538763
 0.         0.86471512 0.         0.         0.         0.
 0.         0.         0.         0.         0.02378193 0.05509222
 0.         0.36961908 0.         0.         0.         0.
 0.4511656  0.04886426 0.36330189]
[0.         0.         0.         0.         0.07326542 0.1448233
 0.02999795 0.         0.02129349 0.         0.         0.32939971
 0.         0.         0.         0.         0.         0.
 0.         0.         0.00415053 0.         0.         0.
 0.0788556  0.36404326 0.         0.         0.         0.
 0.         0.         0.         0.         0.         0.
 0.         0.01459929 0.         0.         0.         0.222868
 0.         0.05798866 0.        ]
[0.         0.         0.         0.21499193 0.         0.1669251
 0.         0.23162818 0.02422767 0.         0.         0.04621652
 0.38283175 0.         0.         0.         0.         0.
 0.         0.         0.         0.         0.         0.14060435
 0.         0.         0.         0.         0.         0.03872711
 0.         0.         0.         0.         0.00096711 0.
 0.04220941 0.         0.         0.         0.         0.
 0.         0.15851534 0.        ]
[0.         0.         0.         0.         0.         0.
 0.08483181 0.00914728 0.         0.         0.         0.
 0.         0.         0.         0.         0.         0.
 0.         0.         0.         0.10053311 0.         0.47993424
 0.04435009 0.         0.         0.52748708 0.         0.
 0.         0.         0.         0.         0.         0.00304803
 0.         0.         0.         0.46998474 0.         0.04788134
 0.         0.22806096 0.03488226]
[0.         0.         0.         0.         0.         0.
 0.         0.11174154 0.05216338 0.         0.         0.08714587
 0.         0.         0.         0.         0.         0.
 0.         0.         0.         0.00254002 0.01707995 0.05167054
 0.         0.         0.68879451 0.         0.66025046 0.
 0.         0.         0.         0.         0.         0.
 0.         0.         0.00776089 0.         0.01899757 0.06883011
 0.02553989 0.0520349  0.        ]
[0.         0.         0.         0.         0.         0.
 0.         0.         0.02340585 0.0357601  0.23215458 0.33217407
 0.         0.         0.         0.         0.         0.
 0.         0.         0.         0.         0.         0.
 0.         0.02661006 0.         0.         0.         0.
 0.         0.         0.         0.         0.         0.
 0.         0.         0.00184626 0.         0.         0.
 0.         0.         0.10504386]
[0.         0.         0.         0.         0.         0.
 0.         0.         0.         0.09294118 0.         0.24294656
 0.         0.         0.         0.         0.         0.
 0.         0.         0.         0.         0.         0.
 0.         0.23456864 0.13652044 0.         0.         0.
 0.         0.         0.         0.         0.         0.
 0.         0.         0.         0.         0.         0.
 0.0181098  0.         0.        ]
[0.00000000e+00 0.00000000e+00 0.00000000e+00 0.00000000e+00
 0.00000000e+00 0.00000000e+00 0.00000000e+00 0.00000000e+00
 0.00000000e+00 0.00000000e+00 9.34551429e-03 4.88530606e-02
 2.97692334e-01 0.00000000e+00 2.99971397e-02 0.00000000e+00
 0.00000000e+00 0.00000000e+00 0.00000000e+00 0.00000000e+00
 0.00000000e+00 0.00000000e+00 0.00000000e+00 0.00000000e+00
 2.78612322e-04 4.23022866e-03 0.00000000e+00 8.03062229e-02
 0.00000000e+00 0.00000000e+00 0.00000000e+00 0.00000000e+00
 0.00000000e+00 0.00000000e+00 0.00000000e+00 0.00000000e+00
 0.00000000e+00 0.00000000e+00 0.00000000e+00 0.00000000e+00
 9.01509039e-03 4.67718378e-03 4.11447039e-01 0.00000000e+00
 0.00000000e+00]
[0.         0.         0.         0.         0.         0.
 0.         0.         0.         0.28170146 0.         0.
 0.         0.         0.         0.         0.         0.
 0.         0.         0.         0.         0.         0.
 0.         0.         0.         0.         0.         0.
 0.         0.         0.         0.         0.         0.
 0.         0.         0.         0.         0.         0.
 0.         0.         0.        ]
[0.         0.         0.         0.         0.         0.
 0.         0.         0.         0.         0.         0.
 0.         0.10210886 0.         0.         0.         0.
 0.         0.         0.         0.         0.         0.
 0.         0.         0.         0.         0.00891559 0.
 0.         0.         0.         0.         0.         0.
 0.         0.         0.         0.         0.         0.
 0.         0.35941462 0.02215233]
[0.         0.         0.         0.         0.         0.
 0.         0.         0.         0.         0.         0.
 0.         0.12299361 0.         0.         0.         0.
 0.         0.         0.         0.         0.         0.
 0.         0.         0.         0.         0.00641848 0.01990557
 0.         0.         0.         0.         0.         0.
 0.         0.         0.         0.         0.         0.
 0.         0.         0.        ]
[0.         0.         0.         0.         0.         0.
 0.         0.         0.         0.         0.         0.
 0.0018232  0.         0.18824819 0.         0.         0.
 0.         0.         0.         0.         0.         0.
 0.         0.         0.         0.         0.12469789 0.
 0.         0.         0.         0.         0.         0.
 0.         0.         0.         0.         0.         0.
 0.         0.         0.01170293]
[0. 0. 0. 0. 0. 0. 0. 0. 0. 0. 0. 0. 0. 0. 0. 0. 0. 0. 0. 0. 0. 0. 0. 0.
 0. 0. 0. 0. 0. 0. 0. 0. 0. 0. 0. 0. 0. 0. 0. 0. 0. 0. 0. 0. 0.]
[0.         0.         0.         0.         0.         0.
 0.25044611 0.         0.         0.         0.         0.
 0.07045254 0.23864948 0.         0.         0.07408377 0.
 0.         0.05064536 0.02067808 0.46669829 0.19649514 0.
 0.52413032 0.         0.         0.16064537 0.         0.
 0.         0.         0.02805966 0.         0.         0.
 0.50573215 0.         0.         0.0834296  0.         0.
 0.         0.         0.        ]
[0.         0.         0.         0.         0.27906895 0.
 0.         0.         0.         0.         0.80917144 0.
 0.         0.         0.         0.13112556 0.         0.01144104
 0.06354296 0.         0.15341729 0.         0.         0.
 0.         0.         0.         0.         0.         0.05692625
 0.         0.         0.         0.         0.02214905 0.17027793
 0.         0.26125538 0.05791911 0.         0.         0.
 0.         0.         0.68272486]
[0.         0.         0.         0.         0.         0.
 0.         0.         0.         0.         0.         0.
 0.         0.         0.         0.         0.         0.
 0.         0.         0.         0.         0.         0.
 0.         0.         0.         0.         0.         0.
 0.         0.09449125 0.         0.         0.         0.
 0.         0.         0.         0.         0.         0.
 0.         0.         0.        ]
[0.         0.         0.         0.         0.03321101 0.
 0.         0.04409299 0.62483812 0.3743733  0.04673973 0.84057693
 0.         0.         0.0322371  0.         0.         0.
 0.         0.         0.00746681 0.04584628 0.         0.
 0.         0.0589575  0.03409421 0.         0.         0.
 0.         0.         0.         0.         0.         0.
 0.         0.24230849 0.39818026 0.         0.         0.04084093
 0.25885587 0.         0.        ]
[0.         0.         0.         0.00575583 0.         0.20114303
 0.02136424 0.         0.         0.         0.         0.27737034
 0.         0.55733315 0.         0.         0.         0.
 0.         0.         0.02203689 0.0903038  0.         0.28629739
 0.         0.         0.         0.         0.         0.
 0.         0.         0.         0.         0.         0.
 0.         0.         0.         0.         0.         0.
 0.07084131 0.         0.85228163]
[0.         0.         0.         0.         0.00431426 0.00726873
 0.         0.         0.46970066 0.         0.02720152 0.
 0.03454793 0.6210735  0.         0.         0.         0.
 0.         0.         0.         0.01199847 0.         0.
 0.14767964 0.24484792 0.         0.         0.         0.16602791
 0.         0.         0.         0.         0.         0.05318987
 0.         0.02558165 0.53103835 0.17932551 0.         0.
 0.         0.02425842 0.        ]
[0.         0.         0.         0.         0.         0.
 0.         0.15976538 0.         0.         0.04267893 0.
 0.74469682 0.17888386 0.         0.         0.         0.
 0.         0.         0.         0.         0.         0.
 0.         0.21750986 0.35778071 0.         0.12646168 0.10141197
 0.         0.         0.         0.         0.         0.
 0.00392281 0.         0.         0.14268116 0.14579723 0.01822125
 0.         0.36837133 1.19539177]
[0.         0.         0.         0.         0.         0.
 0.         0.20663835 0.         0.0191514  0.         0.
 0.11594408 0.         0.         0.         0.         0.
 0.         0.         0.         0.         0.         0.01503758
 0.29817763 0.         0.01693963 0.         0.         0.5780812
 0.         0.         0.         0.         0.         0.
 0.         0.02133618 0.         0.         0.         0.
 0.56818993 0.05720519 0.        ]
[0.         0.         0.         0.         0.         0.
 0.         0.         0.         0.         0.         0.
 0.         0.         0.         0.         0.         0.
 0.         0.         0.         0.         0.26608263 0.
 0.         0.         0.         0.         0.         0.
 0.         0.         0.         0.         0.         0.
 0.         0.         0.         0.         0.         0.
 0.         0.         0.        ]
[0.         0.         0.         0.         0.         0.
 0.         0.         0.         0.         0.         0.02977126
 0.         0.         0.84655068 0.         0.         0.
 0.         0.         0.         0.         0.         0.
 0.         0.         0.23612167 0.1000125  0.14782925 0.
 0.         0.         0.         0.         0.         0.
 0.         0.         0.         0.02646889 0.         0.00985371
 0.03098079 0.31838138 0.14011879]
[0.         0.         0.         0.         0.         0.
 0.         0.         0.         0.03091481 0.         0.02829949
 0.         0.         0.19141588 0.         0.         0.
 0.         0.         0.         0.         0.         0.
 0.         0.         0.03137647 0.06325906 0.         0.26752481
 0.         0.         0.         0.         0.         0.
 0.         0.         0.         0.         0.00231392 0.0399172
 0.         0.         0.        ]
[0.         0.         0.         0.         0.         0.
 0.         0.         0.         0.         0.         0.
 0.         0.         0.09077675 0.         0.         0.
 0.         0.         0.         0.         0.         0.
 0.         0.         0.         0.18505199 0.         0.346454
 0.         0.         0.         0.         0.         0.
 0.         0.         0.         0.         0.         0.
 0.         0.         0.        ]
[0.         0.         0.         0.         0.         0.
 0.         0.         0.         0.         0.         0.
 0.         0.         0.18255762 0.         0.         0.
 0.         0.         0.         0.         0.         0.
 0.         0.         0.         0.         0.         0.
 0.         0.         0.         0.         0.         0.
 0.         0.         0.         0.         0.         0.
 0.         0.         0.        ]
[0.         0.         0.         0.         0.         0.
 0.         0.         0.         0.         0.         0.
 0.         0.14429507 0.1035341  0.         0.         0.
 0.         0.         0.         0.         0.         0.
 0.         0.         0.         0.0037793  0.         0.
 0.         0.         0.         0.         0.         0.
 0.         0.         0.         0.         0.         0.
 0.         0.         0.04821163]
[0.         0.         0.         0.         0.         0.
 0.         0.         0.         0.         0.         0.
 0.14513598 0.         0.         0.         0.         0.
 0.         0.         0.         0.         0.         0.
 0.         0.         0.         0.         0.         0.
 0.         0.         0.         0.         0.         0.
 0.         0.         0.         0.         0.         0.
 0.         0.         0.        ]
[0.         0.         0.05495068 0.08603232 0.0171068  0.
 0.65939894 0.06288031 0.         0.02824776 0.         0.
 0.05637237 0.5595685  0.         0.02925964 0.00715048 0.
 0.         0.         0.         0.         0.         0.
 0.         0.17099606 0.         1.94639998 0.         0.
 0.         0.         0.00899885 0.         0.33102468 0.
 0.         0.         0.759643   0.         0.12726928 0.
 0.         0.45618785 0.        ]
[0.5669475 0.        0.        0.        0.        0.        0.
 0.        0.        0.        0.        0.        0.        0.
 0.        0.        0.        0.        0.        0.        0.
 0.        0.        0.        0.        0.        0.        0.
 0.        0.        0.        0.        0.        0.        0.
 0.        0.        0.        0.        0.        0.        0.
 0.        0.        0.       ]
[0.         0.         0.         0.         0.         0.
 0.         0.         0.         0.         0.         0.
 0.         0.0539107  0.36239822 0.         0.10877323 0.00185363
 0.         0.2070245  0.         0.         0.         0.14454695
 0.         0.47640691 0.         0.09207062 0.07272562 0.5172926
 0.         0.         0.         0.         0.05060332 0.
 0.         0.         0.         0.         0.         0.
 0.14377394 0.         0.        ]
[0.         0.         0.         0.         0.         0.
 0.         0.         0.05000634 0.         0.77668172 0.23689234
 0.         0.         0.13876144 0.         0.         0.
 0.         0.08379761 0.         0.         0.07434611 0.
 0.         0.         0.14173725 0.         0.         0.94970284
 0.         0.         0.         0.         0.05581553 0.02439022
 0.         0.67546301 0.         0.         0.         0.31883074
 0.63430794 0.         0.        ]
[0.         0.         0.         0.         0.         0.
 0.         0.         0.12622412 0.43106471 0.09040887 0.
 0.21223415 0.         0.         0.         0.         0.
 0.         0.         0.         0.         0.         0.
 0.         0.02607811 0.         0.         0.         0.
 0.         0.         0.         0.         0.         0.11217158
 0.01499808 0.         0.14732124 0.15845117 0.         0.56090293
 0.46290246 0.         0.08985715]
[0.         0.         0.         0.         0.00475796 0.
 0.         0.01432067 0.         0.         0.         0.
 0.36147114 0.         0.         0.         0.         0.
 0.         0.00406403 0.         0.         0.         0.02838267
 0.08969499 0.         0.10097193 0.83162346 0.         0.21223415
 0.         0.         0.         0.         0.         0.
 0.21582381 0.         0.         0.02215508 0.46550346 0.
 0.02313012 0.         0.        ]
[0.         0.         0.         0.         0.         0.
 0.         0.         0.         0.         0.         0.
 0.         0.04299451 1.00603909 0.         0.         0.
 0.         0.         0.         0.         0.00590658 0.01220814
 0.01649323 0.         0.27158945 0.         0.06646086 0.
 0.         0.         0.         0.         0.         0.
 0.         0.         0.         0.         0.03449764 0.7668906
 0.         0.19727955 0.3229409 ]
[0.         0.         0.         0.         0.         0.
 0.         0.         0.         0.         0.         0.
 0.         0.0642755  0.         0.         0.         0.
 0.         0.         0.         0.         0.         0.
 0.         0.57547671 0.17791108 0.02597068 0.         0.
 0.         0.         0.         0.         0.         0.
 0.         0.         0.06152026 0.26774919 0.30536268 0.07011737
 0.         0.         0.        ]
[0.         0.         0.         0.         0.         0.
 0.12094665 0.         0.05343204 0.13558627 0.         0.28569146
 0.40459582 0.         0.         0.         0.         0.
 0.         0.         0.         0.         0.00300503 0.
 0.         0.         0.         0.02162032 0.0325343  0.
 0.         0.         0.         0.         0.         0.
 0.         0.00689635 0.         0.01846028 0.         0.3478739
 0.         0.         0.        ]
[0.         0.         0.         0.         0.         0.
 0.         0.         0.         0.02326314 0.         0.
 0.         0.         0.         0.         0.         0.
 0.         0.         0.         0.         0.         0.
 0.00453788 0.         0.         0.         0.04794731 0.
 0.         0.         0.         0.         0.         0.
 0.         0.         0.         0.         0.         0.
 0.57325479 0.         0.48276378]
[0.         0.         0.         0.         0.         0.
 0.         0.         0.         0.0049612  0.         0.
 0.         0.         0.08589378 0.         0.         0.
 0.         0.         0.         0.         0.         0.
 0.         0.         0.         0.11074493 0.14069873 0.
 0.         0.         0.         0.         0.         0.
 0.         0.         0.         0.         0.         0.
 0.         0.22593085 0.        ]
[0.         0.         0.         0.         0.         0.
 0.         0.         0.         0.         0.         0.
 0.02892397 0.         0.         0.         0.         0.
 0.         0.         0.         0.         0.         0.
 0.         0.00191842 0.         0.         0.         0.
 0.         0.         0.         0.         0.         0.
 0.         0.         0.         0.         0.07256799 0.
 0.         0.         0.        ]
[0.         0.         0.         0.         0.         0.
 0.         0.         0.         0.         0.         0.
 0.         0.01603736 0.         0.         0.         0.
 0.         0.         0.         0.         0.         0.
 0.         0.         0.         0.         0.05695503 0.01115242
 0.         0.         0.         0.         0.         0.
 0.         0.         0.         0.         0.         0.
 0.         0.         0.12289126]
[0.         0.         0.         0.         0.         0.
 0.         0.         0.         0.         0.         0.
 0.         0.         0.         0.         0.         0.
 0.         0.         0.         0.         0.         0.
 0.         0.         0.         0.02413819 0.02078691 0.05080043
 0.         0.         0.         0.         0.         0.
 0.         0.         0.         0.         0.         0.
 0.00075126 0.         0.        ]
[0.         0.         0.         0.         0.         0.
 0.         0.         0.         0.         0.         0.
 0.         0.         0.         0.         0.         0.
 0.         0.         0.         0.         0.         0.
 0.         0.         0.         0.         0.00756254 0.
 0.         0.         0.         0.         0.         0.
 0.         0.         0.         0.         0.         0.
 0.         0.         0.        ]
[0.         0.         0.         0.         0.         0.22852334
 0.11679535 0.         0.         0.         0.         0.
 0.         0.         0.         0.         0.         0.
 0.         0.         0.         0.13384531 1.09762739 0.04630372
 1.54921308 0.02836865 0.         0.49474174 0.05065172 0.
 0.         0.         0.         0.         0.         0.24383031
 0.         0.56320171 0.         0.         0.         0.
 0.11934833 0.87947528 0.        ]
[0.         0.         0.05111724 0.22600832 0.37677361 0.2835952
 0.35932373 1.05763287 0.         0.         0.         0.
 0.         0.10459981 0.         0.         0.         0.
 0.         0.         0.         0.44826259 0.         0.
 0.         0.         0.         0.         0.         0.
 0.         0.         0.         0.01384438 0.         0.
 0.         0.         0.         0.         0.         0.
 0.         0.26537176 0.55682023]
[0.         0.         0.         0.10768539 0.         0.
 0.15296029 0.         0.01910048 0.04607104 0.         0.34849094
 0.76948832 0.         0.21584356 0.         0.         0.00853997
 0.         0.01700419 0.51770684 0.         0.09916599 0.32485699
 0.0716029  0.11113139 0.         0.         0.         0.
 0.         0.         0.         0.         0.         0.
 0.         0.         0.04972737 0.6310158  0.         0.
 1.0847986  0.         0.04697404]
[0.         0.         0.         0.         0.11195322 0.19062512
 0.         0.20109922 0.20653623 0.         0.03961032 1.24205204
 0.         0.         0.         0.         0.         0.
 0.00642897 0.         0.         0.21175109 0.         0.
 0.         0.         0.         0.         0.         1.03510233
 0.         0.         0.         0.         0.         0.
 0.06831979 0.03069021 0.         0.         0.         0.
 0.         0.08664337 0.        ]
[0.         0.         0.         0.09832614 0.         0.12242263
 0.         0.         0.         0.         0.56964838 0.
 0.         0.05322397 0.         0.         0.         0.
 0.         0.00203088 0.         0.         0.         0.06499289
 0.         0.         0.         0.         0.20527565 0.
 0.         0.         0.         0.         0.         0.
 0.         0.         0.         0.         0.         0.3587343
 0.         0.4794079  0.96694745]
[0.         0.         0.         0.         0.         0.
 0.02262498 0.05584348 0.         0.24910355 0.06102831 0.
 0.         0.         0.         0.         0.         0.
 0.         0.         0.         0.         0.         0.
 0.         0.         0.         0.         0.         0.
 0.         0.         0.         0.         0.         0.
 0.         0.         0.         0.         0.         0.
 0.         0.67354327 0.04830152]
[0.         0.         0.         0.         0.         0.
 0.         0.25036938 0.09453113 0.4280837  0.         0.
 0.         0.         0.         0.         0.         0.
 0.         0.         0.         0.         0.         0.00523106
 0.         0.         0.         0.         0.         0.12721294
 0.         0.         0.         0.         0.         0.
 0.         0.00578479 0.         0.         0.         0.
 0.         0.         0.        ]
[0.         0.         0.         0.         0.         0.
 0.         0.         0.04714783 0.28911759 0.         0.02493948
 0.10367354 0.         0.57354623 0.         0.         0.
 0.         0.         0.         0.         0.         0.
 0.01207538 0.         0.07875753 0.         0.38852543 0.
 0.         0.         0.         0.         0.         0.
 0.         0.         0.         0.0191541  0.09550481 0.69845875
 0.08729673 0.         0.        ]
[0.00000000e+00 0.00000000e+00 0.00000000e+00 0.00000000e+00
 0.00000000e+00 0.00000000e+00 0.00000000e+00 3.85652985e-04
 0.00000000e+00 6.47139681e-02 0.00000000e+00 0.00000000e+00
 7.65705726e-01 2.46022247e-01 0.00000000e+00 0.00000000e+00
 0.00000000e+00 0.00000000e+00 0.00000000e+00 0.00000000e+00
 0.00000000e+00 0.00000000e+00 0.00000000e+00 0.00000000e+00
 1.07257215e-02 0.00000000e+00 2.03243230e-01 0.00000000e+00
 0.00000000e+00 1.70050710e-02 0.00000000e+00 0.00000000e+00
 0.00000000e+00 0.00000000e+00 0.00000000e+00 0.00000000e+00
 0.00000000e+00 0.00000000e+00 0.00000000e+00 0.00000000e+00
 0.00000000e+00 3.68604104e-02 0.00000000e+00 0.00000000e+00
 9.06542457e-01]
[0.         0.         0.         0.         0.         0.
 0.         0.         0.         0.         0.         0.05098676
 0.0143764  0.03426689 0.         0.         0.         0.
 0.         0.         0.         0.         0.         0.
 0.         0.         0.13205009 0.         0.         0.0261603
 0.         0.         0.         0.         0.         0.
 0.         0.         0.         0.         0.         0.01015553
 0.03814411 0.         0.01156506]
[0.         0.         0.         0.         0.         0.
 0.         0.         0.         0.14513598 0.         0.
 0.         0.         0.         0.         0.         0.
 0.         0.         0.         0.         0.         0.
 0.         0.         0.         0.         0.         0.
 0.         0.         0.         0.         0.         0.
 0.         0.         0.         0.         0.         0.
 0.         0.         0.        ]
[0.         0.         0.         0.         0.         0.
 0.         0.         0.         0.         0.         0.
 0.08382071 0.         0.         0.         0.         0.
 0.         0.         0.         0.         0.         0.
 0.         0.         0.         0.11910999 0.18620138 0.15530115
 0.         0.         0.         0.         0.         0.
 0.         0.         0.         0.         0.         0.
 0.         0.         0.03539333]
[0.         0.         0.         0.         0.         0.
 0.         0.         0.         0.         0.         0.
 0.         0.         0.         0.         0.         0.
 0.         0.         0.         0.         0.         0.
 0.         0.         0.         0.09675732 0.         0.
 0.         0.         0.         0.         0.         0.
 0.         0.         0.         0.         0.         0.
 0.         0.         0.        ]
[0.         0.         0.         0.         0.         0.
 0.         0.         0.         0.         0.         0.
 0.00143896 0.         0.03608294 0.         0.         0.
 0.         0.         0.         0.         0.         0.
 0.         0.         0.         0.         0.07256799 0.
 0.         0.         0.         0.         0.         0.
 0.         0.         0.         0.         0.         0.
 0.         0.         0.01727215]
[0. 0. 0. 0. 0. 0. 0. 0. 0. 0. 0. 0. 0. 0. 0. 0. 0. 0. 0. 0. 0. 0. 0. 0.
 0. 0. 0. 0. 0. 0. 0. 0. 0. 0. 0. 0. 0. 0. 0. 0. 0. 0. 0. 0. 0.]
[0. 0. 0. 0. 0. 0. 0. 0. 0. 0. 0. 0. 0. 0. 0. 0. 0. 0. 0. 0. 0. 0. 0. 0.
 0. 0. 0. 0. 0. 0. 0. 0. 0. 0. 0. 0. 0. 0. 0. 0. 0. 0. 0. 0. 0.]
[0.         0.         0.         0.         0.         0.
 0.0348417  0.         0.         0.33629884 0.         0.86425593
 0.         0.35965278 0.72248796 0.         0.         0.
 0.08929758 0.29654294 0.         0.0166827  0.         0.
 0.         0.         0.         0.10772573 0.         2.04194245
 0.         0.         0.         0.19284474 0.         0.
 0.57647674 0.         0.         0.         0.         0.
 0.04608248 0.         0.23929236]
[0.         0.01985166 0.         0.01047582 0.         0.
 0.         0.         0.27787062 0.         0.         0.86822359
 0.07290003 0.21911678 0.         0.         0.04837866 0.
 0.066675   0.03979457 0.27817307 0.         0.         0.
 0.         0.         0.         0.         0.03356688 0.
 0.         0.         0.05821563 0.13232161 0.         0.
 0.08753655 0.         0.         0.         0.         0.
 0.         0.         0.        ]
[0.         0.         0.         0.         0.04651211 0.
 0.         0.27449176 0.         0.         0.31589491 0.93310814
 0.         0.         0.         0.         0.         0.
 0.         0.         0.         0.         0.2198224  0.44004514
 0.         0.         0.04191772 0.05851186 0.         0.
 0.         0.         0.         0.         0.         0.
 0.         0.01164565 0.         0.         0.         0.06126504
 0.         0.0428947  0.        ]
[0.         0.         0.         0.00122081 0.         0.06400101
 0.13555199 0.         0.         0.         0.         0.
 0.31102597 0.0902428  0.         0.         0.         0.
 0.         0.         0.06077001 0.         0.10368677 0.
 0.04684295 0.         0.         0.         0.         0.66644873
 0.         0.         0.         0.         0.         0.02790133
 0.         0.06035102 0.71939972 0.         0.         0.
 0.         0.         0.        ]
[0.         0.         0.         0.         0.         0.
 0.18811815 0.         0.         0.         0.17688485 0.
 0.         0.         0.20611733 0.         0.         0.
 0.         0.09675732 0.         0.22718295 0.11612771 0.02792117
 0.4206772  0.05334866 0.         0.         0.05406461 0.
 0.         0.         0.         0.         0.         0.
 0.         0.         0.         0.         0.09521099 0.14043512
 0.42989159 0.11186493 0.        ]
[0.         0.         0.         0.         0.         0.
 0.         0.         0.         0.         0.         0.01527233
 0.         0.5833987  0.91822756 0.         0.         0.
 0.         0.         0.         0.         0.06322878 0.27996164
 0.12700107 0.09778112 0.         0.         0.12621127 0.
 0.         0.         0.         0.         0.         0.
 0.         0.         0.00763119 0.06299221 0.01565801 0.
 0.43201003 0.         0.61607371]
[0.         0.         0.         0.         0.         0.
 0.         0.         0.13562817 0.         0.         0.
 0.6517311  0.         1.20872328 0.         0.         0.
 0.         0.         0.         0.         0.         0.
 0.         0.1756355  0.         0.10048717 0.         0.15846395
 0.         0.         0.         0.         0.         0.
 0.         0.03330778 0.00423491 0.18244625 0.06038922 0.
 0.         0.         0.        ]
[0.00000000e+00 0.00000000e+00 0.00000000e+00 0.00000000e+00
 0.00000000e+00 0.00000000e+00 0.00000000e+00 0.00000000e+00
 0.00000000e+00 1.82250064e-02 3.05155152e-01 0.00000000e+00
 0.00000000e+00 0.00000000e+00 2.59082184e-01 0.00000000e+00
 0.00000000e+00 0.00000000e+00 0.00000000e+00 0.00000000e+00
 0.00000000e+00 0.00000000e+00 8.99856964e-04 0.00000000e+00
 0.00000000e+00 2.16143916e-01 4.76801328e-02 1.55141050e-02
 0.00000000e+00 0.00000000e+00 0.00000000e+00 0.00000000e+00
 0.00000000e+00 0.00000000e+00 0.00000000e+00 0.00000000e+00
 0.00000000e+00 4.25968038e-03 1.64726464e-02 1.83448984e-02
 0.00000000e+00 0.00000000e+00 1.05340614e+00 0.00000000e+00
 4.28228758e-01]
[0.         0.         0.         0.         0.         0.
 0.         0.         0.         0.         0.1157704  0.
 0.         0.         0.12082481 0.         0.         0.
 0.         0.         0.         0.         0.         0.
 0.         0.         0.06705657 0.38467932 0.03779399 0.10216377
 0.         0.         0.         0.         0.         0.
 0.         0.         0.         0.         0.         0.04628029
 0.         0.0822725  0.        ]
[0.         0.         0.         0.         0.         0.
 0.         0.         0.         0.         0.         0.02853931
 0.         0.         0.         0.         0.         0.
 0.         0.         0.         0.         0.         0.
 0.         0.         0.         0.09392579 0.         0.
 0.         0.         0.         0.         0.         0.
 0.         0.         0.         0.         0.00080593 0.00584247
 0.08503939 0.118365   0.        ]
[0.         0.         0.         0.         0.         0.
 0.         0.         0.         0.         0.         0.00865325
 0.11919455 0.         0.         0.         0.         0.
 0.         0.         0.         0.         0.         0.
 0.         0.         0.         0.         0.         0.
 0.         0.         0.         0.         0.         0.
 0.         0.         0.         0.         0.         0.00575583
 0.07772466 0.         0.        ]
[0.         0.         0.         0.         0.         0.
 0.         0.         0.         0.         0.         0.
 0.         0.         0.         0.         0.         0.
 0.         0.         0.         0.         0.         0.
 0.         0.         0.         0.         0.08450275 0.01606887
 0.         0.         0.         0.         0.         0.
 0.         0.         0.         0.         0.         0.
 0.         0.         0.        ]
[0.         0.         0.         0.         0.         0.
 0.         0.         0.         0.         0.         0.
 0.00880249 0.         0.         0.         0.         0.
 0.         0.         0.         0.         0.         0.
 0.         0.         0.         0.00406403 0.         0.19158861
 0.         0.         0.         0.         0.         0.
 0.         0.         0.         0.         0.         0.
 0.         0.00261505 0.00976988]
[0.         0.         0.         0.         0.         0.
 0.         0.         0.         0.         0.         0.
 0.         0.         0.0052926  0.         0.         0.
 0.         0.         0.         0.         0.         0.
 0.         0.         0.         0.         0.         0.
 0.         0.         0.         0.         0.         0.
 0.         0.         0.         0.         0.         0.
 0.         0.         0.00726216]
[0.         0.02446227 0.01273134 0.         0.         0.0482794
 0.         0.         0.81927853 0.         0.         0.
 0.11788126 0.         0.         0.         0.         0.28884931
 0.         0.         0.         0.         0.         0.16953428
 0.         0.         0.86434222 0.16101214 0.         0.
 0.         0.         0.01407596 0.00979202 0.         0.18795024
 0.59653535 0.29064681 0.         0.         0.17303965 0.
 0.         0.         0.70898351]
[0.         0.         0.         0.         0.         0.
 0.         0.         0.         0.         0.         0.
 0.         0.         0.         0.28347375 0.         0.
 0.         0.         0.         0.         0.         0.
 0.         0.         0.         0.         0.         0.
 0.         0.         0.         0.         0.         0.
 0.         0.         0.         0.         0.         0.
 0.         0.         0.        ]
[0.        0.        0.        0.        0.        0.        0.
 0.        0.        0.        0.        0.        0.        0.
 0.        0.        0.        0.        0.        0.        0.
 0.        0.        0.        0.        0.        0.        0.
 0.        0.        0.        0.1889825 0.        0.        0.
 0.        0.        0.        0.        0.        0.        0.
 0.        0.        0.       ]
[0.         0.         0.         0.00561467 0.         0.
 0.         0.         0.         0.         0.         0.
 0.27279846 0.         0.         0.         0.         0.
 0.         0.         0.         0.03316616 0.43164761 0.
 0.         0.20159382 0.41788763 0.         0.         0.14010624
 0.         0.         0.         0.         0.         0.17074368
 0.14737848 0.         0.75323013 0.22404213 0.         0.
 0.02707917 0.66928468 0.        ]
[0.         0.         0.         0.         0.         0.
 0.         0.33792103 0.         0.05261178 0.         0.06980319
 0.         0.0619127  0.         0.         0.         0.
 0.         0.         0.00553877 0.         0.         0.
 0.         1.26395392 0.         0.         0.94848883 0.
 0.         0.         0.         0.         0.         0.
 0.         0.07907383 0.         0.15923558 0.33385996 0.75398145
 0.         0.1575658  0.        ]
[0.         0.         0.         0.         0.         0.
 0.02434449 0.         0.         0.         0.         0.
 0.         1.73426718 0.         0.         0.         0.
 0.         0.         0.         0.         0.         0.04657982
 0.         0.02379349 0.15876868 0.3499505  0.         0.
 0.         0.         0.         0.         0.29027196 0.
 0.00660861 0.         0.27061482 0.         0.         0.
 0.         0.         0.        ]
[0.         0.         0.         0.         0.         0.
 0.         0.         0.         0.         0.         0.29334662
 0.         0.5284324  0.0527566  0.         0.         0.
 0.         0.         0.         0.         0.11723791 0.08102881
 0.08286937 0.         0.01430521 0.         0.         0.2849904
 0.         0.         0.         0.         0.         0.
 0.         0.         0.03405701 0.         0.         0.
 0.06029042 0.71846609 0.        ]
[0.         0.         0.         0.         0.         0.
 0.         0.         0.03105198 0.23538402 0.41460889 0.
 0.         0.         0.10086182 0.         0.         0.
 0.         0.         0.         0.00070895 0.         0.04216436
 0.         0.         0.66657534 0.         0.         0.
 0.         0.         0.         0.         0.         0.
 0.         0.         0.06152026 0.         0.         0.01152476
 0.03618841 0.         0.        ]
[0.         0.         0.         0.         0.         0.
 0.         0.         0.         0.01159027 0.         0.
 0.01708566 0.23520598 0.03914884 0.         0.         0.
 0.         0.         0.         0.         0.00189777 0.
 0.06549838 0.         0.         0.         0.         0.
 0.         0.         0.         0.         0.         0.
 0.         0.04850174 0.         0.         0.0254531  0.
 0.         0.04730446 0.        ]
[0.         0.         0.         0.         0.         0.
 0.         0.         0.         0.01221234 0.30662465 0.
 0.         0.01410373 0.23251745 0.         0.         0.
 0.         0.         0.         0.         0.         0.
 0.         0.03226212 0.         0.         0.         0.01967003
 0.         0.         0.         0.         0.         0.
 0.         0.         0.         0.         0.         0.01827608
 0.29999112 0.         0.        ]
[0.         0.         0.         0.         0.         0.
 0.         0.         0.         0.03751235 0.         0.
 0.58880821 0.         0.01955859 0.         0.         0.
 0.         0.         0.         0.         0.         0.
 0.         0.08093393 0.05930369 0.         0.         0.02368928
 0.         0.         0.         0.         0.         0.
 0.         0.         0.         0.         0.         0.
 0.13880701 0.         0.09299082]
[0.         0.         0.         0.         0.         0.
 0.         0.         0.         0.00183385 0.         0.
 0.         0.06355394 0.         0.         0.         0.
 0.         0.         0.         0.         0.         0.
 0.         0.02068904 0.03176617 0.         0.         0.03092096
 0.         0.         0.         0.         0.         0.
 0.         0.         0.         0.         0.         0.
 0.         0.         0.14913998]
[0.         0.         0.         0.         0.         0.
 0.         0.         0.         0.         0.         0.
 0.         0.02512376 0.         0.         0.         0.
 0.         0.         0.         0.         0.         0.
 0.         0.         0.         0.00992375 0.11827563 0.
 0.         0.         0.         0.         0.         0.
 0.         0.         0.         0.         0.         0.
 0.         0.         0.        ]
[0.         0.         0.         0.         0.         0.
 0.         0.         0.         0.         0.         0.
 0.         0.         0.01696038 0.         0.         0.
 0.         0.         0.         0.         0.         0.
 0.         0.         0.         0.         0.01081972 0.
 0.         0.         0.         0.         0.         0.
 0.         0.         0.         0.         0.         0.
 0.         0.         0.        ]
[0.         0.         0.         0.         0.         0.
 0.         0.         0.         0.         0.         0.
 0.         0.         0.09547705 0.         0.         0.
 0.         0.         0.         0.         0.         0.
 0.         0.         0.         0.         0.0007385  0.
 0.         0.         0.         0.         0.         0.
 0.         0.         0.         0.         0.         0.
 0.         0.04837866 0.        ]
[]
[]
[]
[]
[]
[]
[]
[]
[]
[]
[]
[]
[]
[]
[]
[]
[]
[]
[]
[]
[]
[]
[]
[]
[]
[]
[]
[]
[]
[]
[]
[]
[]
[]
[]
[]
[]
[]
[]
[]
[]
[]
[]
[]
[]
