[-697.6992224036769, -155603.9846533941, -81309.60169405372, -20947.861748587053, -17005.822211944127, -26646.638966050254, -5425.581609386852, -1583.9459119284204, 11440.853823714453, 18397.36021603876, 44369.29940889659, 46862.272127093376, 77809.33967333059, 79601.38279606437, 61080.70264790066, -59000.421888635276, -61822.89614619763, 196.10497398212013, -52198.97723494438, -48518.03343667044, -37313.657924665786, -55816.571485598244, -21566.54057753791, 19031.01372808095, 442.259106283565, 69840.57625042286, 21176.11805760587, 110226.2427896105, 53652.759492847734, 87982.79395192333, -150978.31143363487, 520.6116030778179, -59106.75269422834, -90912.78883438895, -40831.217404341776, -43351.185800198626, -36945.8862385157, 7611.731104362965, 12884.514950663312, 3972.599269461023, 10362.508672004553, 44153.448134960134, 72987.26705526546, 104994.75333147083, 107987.86395224468]
[-138071.31984529743, -71855.84188368579, -109932.38724053836, -66293.53588410723, -58435.907107097984, -13740.46431330907, 6391.856839108405, 950.5675922814942, -3203.3007781141455, 20659.53613541482, 30112.600187018736, 112039.13644024279, 78635.96724803853, 108970.5542564234, 114109.75960756566, -451.2511098418995, -178802.70600196364, -44871.37009137169, -42993.0523769507, -36958.23890670998, -29056.60495342354, -48267.48390615447, -13482.275919016181, -14335.892671890568, 42012.906954950915, 33432.41897808918, 48579.52257973149, 42053.18273492209, 43896.74617500087, 143776.02210080472, -109021.68246570202, 135.09182365070237, 344.48417172616666, -62635.64157388982, -82512.18883539153, -54096.45707657249, -18266.267930539914, 892.4580923188456, 13735.51019403969, 13557.47514636196, 5057.089246977349, 27989.753413905455, 77629.72502628264, 112116.62543860078, 120204.88048811069]
[0, 0, 0, 0, 0, 0, 0, 0, 0, 0, 0, 0, 0, 0, 0, 0, 0, 0, 0, 0, 0, 0, 0, 0, 0, 0, 0, 0, 0, 0, 0, 0, 0, 0, 0, 0, 0, 0, 0, 0, 0, 0, 0, 0, 0]
[0, 0, 0, 0, 0, 0, 0, 0, 0, 0, 0, 0, 0, 0, 0, 0, 0, 0, 0, 0, 0, 0, 0, 0, 0, 0, 0, 0, 0, 0]
[]
[]
[]
[]
[]
[]
[]
[]
[]
[]
[]
[]
[]
[]
[]
[]
[]
[]
[]
[]
[]
[]
[]
[]
[]
[]
[]
[]
[]
[]
[]
[]
[]
[]
[]
[]
[]
[]
[]
[]
[]
[]
[]
[]
[]
[]
[]
[]
[]
[]
[]
[]
[]
[]
[]
[]
[]
[]
[]
[]
[]
[]
[]
[]
[]
[]
[]
[]
[]
[]
[]
[]
[]
[]
[]
[]
[]
[]
[]
[]
[]
[]
[]
[]
[]
[]
[]
[]
[]
[]
[]
[]
[]
[]
[]
[]
[]
[]
[]
[]
[]
[]
[]
[]
[]
[]
[]
[]
[]
[]
[]
[]
[]
[]
[]
[]
[]
[]
[]
[]
[]
[]
[]
[]
[]
[]
[]
[]
[]
[]
[]
