[0.00028602277855369003, 60.01750531274685, 103.58558682959283, 232.76244532343048, 264.2678157477339, 318.004841837486, 446.5137317984913, 505.4924564141924, 536.8652321451152, 657.3227940119901, 689.6381438766855, 751.6413748181805, 876.4093107146749, 907.0017733777976, 957.3942110976994, 0.004467551747027912, 33.703282172318104, 73.87499041779274, 201.9964598237073, 248.34971337512374, 296.0432440475579, 406.10119532115743, 452.4617313596334, 489.4329861295252, 620.4308844845293, 675.7859194778092, 714.6320211007205, 831.7302277701132, 863.2587754878507, 909.920425081918, 0.0007327968021375447, 29.277083937832334, 77.5512913221344, 190.45910507123003, 244.90789810850757, 288.12252161368144, 394.20082581496877, 453.50239612245616, 488.2179469667546, 603.7543672322026, 658.0555711150805, 690.8684823669394, 814.2269478075681, 858.6402928874405, 903.7333285382653]
[51.6026399117313, 110.41012919989129, 149.25537100222587, 276.169078582371, 311.20749283962977, 363.45629916984973, 497.2687651958334, 549.5205668480434, 583.3194000898105, 705.2717075494459, 742.1334044346398, 798.4886812142227, 920.136088819395, 957.364489154489, 1005.8329649115641, 43.295045398253755, 86.22096295895463, 127.41540119905385, 253.12118369520726, 300.7619111099442, 340.167213650444, 456.1004394966069, 504.82725383678337, 538.7900463798765, 666.8225812991432, 716.975957137911, 760.4920353892347, 880.0625160923005, 915.8217991439514, 963.2334842731141, 46.458811404522066, 81.17280996120334, 120.98127205032843, 241.51161067863785, 292.371586128657, 328.1012633822646, 444.0585369265597, 498.86761493676676, 539.5475429694555, 652.8901154951752, 697.8531498303566, 737.559876142564, 866.1544638317623, 901.8355681095538, 948.0675747802352]
[103.45189303291548, 152.74860125816517, 196.86433140860365, 319.1730297318188, 364.41646503253224, 414.3640747834823, 543.2034650639346, 590.3100162417577, 627.4632380765108, 752.045916402786, 794.8561352303543, 839.6781979961149, 967.5164157732859, 1006.9189144821519, 1053.1597635732237, 94.36180169078861, 133.44824920693821, 180.57241081088628, 301.22897558939144, 348.6517589408627, 386.060264223888, 504.11160315531504, 549.8789921179924, 586.512269068111, 710.5500919169111, 759.2903161226977, 802.7690876783478, 928.3039868302815, 964.6777419555524, 1009.5677406943128, 87.37911595435926, 131.44245722680083, 172.9193889573204, 294.10237115707844, 343.8296042661402, 380.33909279270097, 496.64471812509555, 546.0991560484501, 584.6887632280143, 702.4271263883242, 741.3751975267372, 788.5856497916957, 917.7098229799703, 954.0287790393315, 995.987442686867]
[0.0013022198910990481, 0.0021121719030546444, 0.0043215478853105595, 0.008033817356661033, 0.015163608448318516, 0.010078378361934232, 0.011135906842479157, 0.013455087897690947, 0.017152589919627904, 0.0238031334983234, 0.0013449768285637015, 0.0023673853409034613, 0.00507840891151895, 0.00890694393671991, 0.015510053180331121, 0.0001598411289112612, 0.00015496352250874042, 0.00015110948844104647, 0.0001485241560942917, 0.00014659250258213592, 0.00014903620780498997, 0.00014787425521938609, 0.0001469686692594362, 0.00014614839870508503, 0.00014539268454206522, 0.00015443427098158955, 0.00015380878145694978, 0.00015063375678801903, 0.0001483060988215993, 0.00014644913681881398]
[]
[]
[]
[]
[]
[]
[]
[]
[]
[]
[]
[]
[]
[]
[]
[]
[]
[]
[]
[]
[]
[]
[]
[]
[]
[]
[]
[]
[]
[]
[]
[]
[]
[]
[]
[]
[]
[]
[]
[]
[]
[]
[]
[]
[]
[]
[]
[]
[]
[]
[]
[]
[]
[]
[]
[]
[]
[]
[]
[]
[]
[]
[]
[]
[]
[]
[]
[]
[]
[]
[]
[]
[]
[]
[]
[]
[]
[]
[]
[]
[]
[]
[]
[]
[]
[]
[]
[]
[]
[]
[]
[]
[]
[]
[]
[]
[]
[]
[]
[]
[]
[]
[]
[]
[]
[]
[]
[]
[]
[]
[]
[]
[]
[]
[]
[]
[]
[]
[]
[]
[]
[]
[]
[]
[]
[]
[]
[]
[]
[]
[]
