[0.0, 53.0, 82.0, 207.0, 254.0, 304.0, 423.0, 458.0, 507.0, 620.0, 654.0, 706.0, 823.0, 887.0, 931.0, 0.0, 24.0, 61.0, 187.0, 239.0, 285.0, 414.0, 443.0, 492.0, 619.0, 669.0, 698.0, 824.0, 879.0, 913.0, 0.0, 28.0, 72.0, 186.0, 226.0, 294.0, 416.0, 452.0, 493.0, 616.0, 641.0, 692.0, 812.0, 855.0, 896.0]
[54.0, 100.0, 135.0, 262.0, 301.0, 345.0, 468.0, 507.0, 555.0, 667.0, 709.0, 759.0, 877.0, 932.0, 979.0, 46.0, 74.0, 116.0, 242.0, 283.0, 334.0, 457.0, 488.0, 535.0, 672.0, 711.0, 748.0, 877.0, 924.0, 968.0, 49.0, 80.0, 125.0, 236.0, 281.0, 337.0, 461.0, 494.0, 545.0, 658.0, 696.0, 746.0, 863.0, 901.0, 944.0]
[104.0, 143.0, 182.0, 310.0, 348.0, 396.0, 520.0, 563.0, 600.0, 717.0, 758.0, 808.0, 932.0, 982.0, 1025.0, 88.0, 128.0, 172.0, 292.0, 339.0, 376.0, 500.0, 541.0, 590.0, 720.0, 764.0, 803.0, 931.0, 976.0, 1020.0, 91.0, 131.0, 174.0, 291.0, 336.0, 384.0, 506.0, 547.0, 592.0, 711.0, 751.0, 789.0, 908.0, 957.0, 995.0]
[0.0, 0.0, 0.0, 0.0, 0.0, 0.0, 0.0, 0.0, 0.0, 0.0, 0.0, 0.0, 0.0, 0.0, 0.0, 0.0, 0.0, 0.0, 0.0, 0.0, 0.0, 0.0, 0.0, 0.0, 0.0, 0.0, 0.0, 0.0, 0.0, 0.0]
[]
[]
[]
[]
[]
[]
[]
[]
[]
[]
[]
[]
[]
[]
[]
[]
[]
[]
[]
[]
[]
[]
[]
[]
[]
[]
[]
[]
[]
[]
[]
[]
[]
[]
[]
[]
[]
[]
[]
[]
[]
