[0. 0. 0. 0. 0. 0. 0. 0. 0. 0. 0. 0. 0. 0. 0. 0. 0. 0. 0. 0. 0. 0. 0. 0.
 0. 0. 0. 0. 0. 0. 0. 0. 0. 0. 0. 0. 0. 0. 0. 0. 0. 0. 0. 0. 0.]
[0.00000000e+00 0.00000000e+00 2.33261720e-14 0.00000000e+00
 2.91994594e-07 0.00000000e+00 0.00000000e+00 1.35750994e-09
 1.19912447e-02 1.07299751e+00 0.00000000e+00 3.64792908e-04
 0.00000000e+00 3.17760876e-01 0.00000000e+00 0.00000000e+00
 0.00000000e+00 0.00000000e+00 3.69234774e-04 0.00000000e+00
 0.00000000e+00 5.45552557e-03 1.71932519e-08 8.92085276e-02
 1.97407138e-04 0.00000000e+00 0.00000000e+00 1.42630819e-09
 6.47444525e-01 0.00000000e+00 0.00000000e+00 0.00000000e+00
 0.00000000e+00 0.00000000e+00 0.00000000e+00 0.00000000e+00
 2.69950053e-03 0.00000000e+00 0.00000000e+00 0.00000000e+00
 0.00000000e+00 0.00000000e+00 1.18207105e-01 2.85761668e-03
 1.79782447e-06]
[0.00000000e+00 3.40375750e-01 0.00000000e+00 5.63728334e-05
 6.88114568e-08 3.41033305e-09 3.84781325e-04 2.00139985e-09
 2.51642588e-13 1.17689049e-06 0.00000000e+00 0.00000000e+00
 6.09567400e-01 1.68444343e-03 3.01975928e-03 0.00000000e+00
 0.00000000e+00 0.00000000e+00 0.00000000e+00 1.31290845e-03
 0.00000000e+00 0.00000000e+00 1.02839117e-05 0.00000000e+00
 2.62363938e-02 2.38145802e-06 3.65939445e-08 3.66997700e-01
 2.47964896e-12 0.00000000e+00 0.00000000e+00 0.00000000e+00
 0.00000000e+00 0.00000000e+00 0.00000000e+00 7.21275965e-11
 0.00000000e+00 7.61225351e-02 0.00000000e+00 1.02365767e-07
 2.92918389e-05 0.00000000e+00 4.03823458e-04 1.11298191e-02
 1.91628749e-04]
[0.00000000e+00 0.00000000e+00 0.00000000e+00 0.00000000e+00
 1.84641268e-04 3.25523529e-03 4.79594185e-02 4.92166822e-11
 1.53837817e-02 6.56247748e-05 0.00000000e+00 1.98320463e-01
 0.00000000e+00 2.99668174e-05 0.00000000e+00 0.00000000e+00
 0.00000000e+00 0.00000000e+00 1.60548319e-09 9.43214315e-12
 0.00000000e+00 0.00000000e+00 8.87448945e-08 1.23271814e-06
 8.06159077e-09 0.00000000e+00 2.66403652e-10 1.91859407e-10
 0.00000000e+00 2.55934755e-03 0.00000000e+00 0.00000000e+00
 0.00000000e+00 0.00000000e+00 0.00000000e+00 1.26470808e-02
 7.87326812e-09 8.54041377e-10 0.00000000e+00 2.12961952e-09
 4.16068768e-10 0.00000000e+00 1.16707731e-07 0.00000000e+00
 5.66606249e-03]
[0.00000000e+00 0.00000000e+00 0.00000000e+00 7.95028785e-02
 0.00000000e+00 1.70589549e-02 1.02514300e-11 1.30655586e-04
 8.84774778e-09 0.00000000e+00 0.00000000e+00 2.50903148e-06
 0.00000000e+00 2.03475320e-09 3.92481561e-04 0.00000000e+00
 0.00000000e+00 0.00000000e+00 0.00000000e+00 0.00000000e+00
 0.00000000e+00 1.09615749e-08 0.00000000e+00 7.21295867e-03
 4.17092467e-04 0.00000000e+00 2.03524635e-05 3.32297263e-13
 0.00000000e+00 4.74960103e-03 0.00000000e+00 0.00000000e+00
 0.00000000e+00 0.00000000e+00 0.00000000e+00 0.00000000e+00
 9.62578022e-10 2.37636824e-09 0.00000000e+00 6.99255373e-09
 0.00000000e+00 0.00000000e+00 1.22558941e-06 1.65107152e-11
 6.98649224e-02]
[0.00000000e+00 0.00000000e+00 0.00000000e+00 0.00000000e+00
 0.00000000e+00 0.00000000e+00 2.89848555e-07 7.18160070e-02
 7.90912725e-05 1.57362806e-03 0.00000000e+00 3.62589709e-05
 7.54675507e-06 0.00000000e+00 3.45365228e-02 0.00000000e+00
 0.00000000e+00 0.00000000e+00 0.00000000e+00 0.00000000e+00
 0.00000000e+00 0.00000000e+00 3.20901441e-08 1.10852784e-11
 1.95184315e-13 7.00092662e-10 2.09193936e-09 3.14453260e-08
 1.48382270e-02 0.00000000e+00 0.00000000e+00 0.00000000e+00
 0.00000000e+00 0.00000000e+00 0.00000000e+00 6.94375872e-13
 3.89811575e-06 0.00000000e+00 4.39496928e-02 2.25008364e-06
 5.29223879e-03 3.26647447e-01 0.00000000e+00 1.77848050e-08
 0.00000000e+00]
[0.00000000e+00 0.00000000e+00 0.00000000e+00 0.00000000e+00
 0.00000000e+00 0.00000000e+00 0.00000000e+00 4.84631976e-08
 8.58434178e-06 5.76640021e-03 0.00000000e+00 1.83798758e-08
 1.71359272e-06 1.50570323e-08 6.62095033e-07 0.00000000e+00
 0.00000000e+00 0.00000000e+00 0.00000000e+00 0.00000000e+00
 0.00000000e+00 3.07397721e-09 6.01794303e-03 1.90032806e-08
 0.00000000e+00 8.16484392e-11 3.23170308e-04 0.00000000e+00
 2.68623660e-11 7.17473140e-06 0.00000000e+00 0.00000000e+00
 0.00000000e+00 0.00000000e+00 0.00000000e+00 0.00000000e+00
 0.00000000e+00 0.00000000e+00 7.77027458e-04 1.14315000e-10
 1.20410020e-02 0.00000000e+00 6.22187782e-05 0.00000000e+00
 8.35240295e-03]
[0.00000000e+00 0.00000000e+00 0.00000000e+00 0.00000000e+00
 0.00000000e+00 0.00000000e+00 1.29950231e-01 0.00000000e+00
 1.72537130e-02 1.26749901e-07 0.00000000e+00 9.05844404e-04
 1.23682765e-08 0.00000000e+00 1.96936868e-06 0.00000000e+00
 0.00000000e+00 0.00000000e+00 0.00000000e+00 0.00000000e+00
 0.00000000e+00 0.00000000e+00 0.00000000e+00 0.00000000e+00
 2.13177982e-02 0.00000000e+00 2.45763183e-11 6.97050893e-13
 8.10207375e-10 1.29874006e-11 0.00000000e+00 0.00000000e+00
 0.00000000e+00 0.00000000e+00 0.00000000e+00 0.00000000e+00
 0.00000000e+00 2.00955374e-04 3.63273145e-03 0.00000000e+00
 5.57804971e-08 7.25767714e-06 5.46919891e-03 6.26465489e-05
 1.74391486e-01]
[0.00000000e+00 0.00000000e+00 0.00000000e+00 0.00000000e+00
 0.00000000e+00 0.00000000e+00 0.00000000e+00 0.00000000e+00
 0.00000000e+00 1.32706055e-01 0.00000000e+00 4.61939398e-02
 1.81412935e-10 2.18563581e-04 4.60918626e-13 0.00000000e+00
 0.00000000e+00 0.00000000e+00 0.00000000e+00 0.00000000e+00
 0.00000000e+00 0.00000000e+00 0.00000000e+00 7.07320103e-06
 4.10328385e-06 2.72220928e-03 4.70448104e-04 0.00000000e+00
 5.54791544e-06 2.29622820e-06 0.00000000e+00 0.00000000e+00
 0.00000000e+00 0.00000000e+00 0.00000000e+00 0.00000000e+00
 0.00000000e+00 0.00000000e+00 0.00000000e+00 6.16731780e-06
 0.00000000e+00 2.36319403e-04 1.18828794e-03 3.67737732e-10
 0.00000000e+00]
[0.00000000e+00 0.00000000e+00 0.00000000e+00 0.00000000e+00
 0.00000000e+00 0.00000000e+00 0.00000000e+00 0.00000000e+00
 0.00000000e+00 0.00000000e+00 0.00000000e+00 7.15138123e-14
 9.13859502e-02 4.19761136e-03 0.00000000e+00 0.00000000e+00
 0.00000000e+00 0.00000000e+00 0.00000000e+00 0.00000000e+00
 0.00000000e+00 0.00000000e+00 0.00000000e+00 0.00000000e+00
 1.51123552e-08 0.00000000e+00 1.33937578e-08 5.02342933e-04
 9.05782524e-14 8.62202702e-03 0.00000000e+00 0.00000000e+00
 0.00000000e+00 0.00000000e+00 0.00000000e+00 0.00000000e+00
 0.00000000e+00 0.00000000e+00 0.00000000e+00 1.22126052e-07
 0.00000000e+00 0.00000000e+00 3.16220811e-06 7.63881433e-06
 0.00000000e+00]
[0.00000000e+00 0.00000000e+00 0.00000000e+00 0.00000000e+00
 0.00000000e+00 0.00000000e+00 0.00000000e+00 0.00000000e+00
 0.00000000e+00 3.58788292e-04 0.00000000e+00 2.56454983e-06
 1.13444870e-04 2.19971090e-05 7.72070321e-03 0.00000000e+00
 0.00000000e+00 0.00000000e+00 0.00000000e+00 0.00000000e+00
 0.00000000e+00 0.00000000e+00 0.00000000e+00 0.00000000e+00
 3.49345474e-01 9.72503840e-03 0.00000000e+00 2.98071322e-03
 3.18430318e-07 0.00000000e+00 0.00000000e+00 0.00000000e+00
 0.00000000e+00 0.00000000e+00 0.00000000e+00 0.00000000e+00
 0.00000000e+00 0.00000000e+00 0.00000000e+00 0.00000000e+00
 0.00000000e+00 2.94528091e-04 4.06658531e-04 7.31664598e-10
 9.16301042e-05]
[0.00000000e+00 0.00000000e+00 0.00000000e+00 0.00000000e+00
 0.00000000e+00 0.00000000e+00 0.00000000e+00 0.00000000e+00
 0.00000000e+00 0.00000000e+00 0.00000000e+00 0.00000000e+00
 1.80427225e-02 1.65224038e-01 1.11543383e-05 0.00000000e+00
 0.00000000e+00 0.00000000e+00 0.00000000e+00 0.00000000e+00
 0.00000000e+00 0.00000000e+00 0.00000000e+00 0.00000000e+00
 0.00000000e+00 0.00000000e+00 4.32584583e-08 5.04537598e-10
 4.93080795e-04 2.07079035e-05 0.00000000e+00 0.00000000e+00
 0.00000000e+00 0.00000000e+00 0.00000000e+00 0.00000000e+00
 0.00000000e+00 0.00000000e+00 0.00000000e+00 0.00000000e+00
 0.00000000e+00 4.78554874e-04 2.85805413e-02 0.00000000e+00
 1.15806065e-10]
[0.00000000e+00 0.00000000e+00 0.00000000e+00 0.00000000e+00
 0.00000000e+00 0.00000000e+00 0.00000000e+00 0.00000000e+00
 0.00000000e+00 0.00000000e+00 0.00000000e+00 0.00000000e+00
 0.00000000e+00 2.50962545e-03 2.54238369e-13 0.00000000e+00
 0.00000000e+00 0.00000000e+00 0.00000000e+00 0.00000000e+00
 0.00000000e+00 0.00000000e+00 0.00000000e+00 0.00000000e+00
 0.00000000e+00 0.00000000e+00 0.00000000e+00 2.19757829e-03
 1.73013303e-09 8.69852265e-08 0.00000000e+00 0.00000000e+00
 0.00000000e+00 0.00000000e+00 0.00000000e+00 0.00000000e+00
 0.00000000e+00 0.00000000e+00 0.00000000e+00 0.00000000e+00
 0.00000000e+00 0.00000000e+00 3.53823495e-10 9.44214295e-08
 0.00000000e+00]
[0.00000000e+00 0.00000000e+00 0.00000000e+00 0.00000000e+00
 0.00000000e+00 0.00000000e+00 0.00000000e+00 0.00000000e+00
 0.00000000e+00 0.00000000e+00 0.00000000e+00 0.00000000e+00
 0.00000000e+00 0.00000000e+00 3.16758785e-02 0.00000000e+00
 0.00000000e+00 0.00000000e+00 0.00000000e+00 0.00000000e+00
 0.00000000e+00 0.00000000e+00 0.00000000e+00 0.00000000e+00
 0.00000000e+00 0.00000000e+00 0.00000000e+00 0.00000000e+00
 3.26388110e-03 1.94905787e-06 0.00000000e+00 0.00000000e+00
 0.00000000e+00 0.00000000e+00 0.00000000e+00 0.00000000e+00
 0.00000000e+00 0.00000000e+00 0.00000000e+00 0.00000000e+00
 0.00000000e+00 0.00000000e+00 0.00000000e+00 1.49615975e-03
 4.38419570e-11]
[0.00000000e+00 0.00000000e+00 0.00000000e+00 0.00000000e+00
 0.00000000e+00 0.00000000e+00 0.00000000e+00 0.00000000e+00
 0.00000000e+00 0.00000000e+00 0.00000000e+00 0.00000000e+00
 0.00000000e+00 0.00000000e+00 0.00000000e+00 0.00000000e+00
 0.00000000e+00 0.00000000e+00 0.00000000e+00 0.00000000e+00
 0.00000000e+00 0.00000000e+00 0.00000000e+00 0.00000000e+00
 0.00000000e+00 0.00000000e+00 0.00000000e+00 0.00000000e+00
 0.00000000e+00 3.08552107e-05 0.00000000e+00 0.00000000e+00
 0.00000000e+00 0.00000000e+00 0.00000000e+00 0.00000000e+00
 0.00000000e+00 0.00000000e+00 0.00000000e+00 0.00000000e+00
 0.00000000e+00 0.00000000e+00 0.00000000e+00 0.00000000e+00
 3.32964637e-07]
[0. 0. 0. 0. 0. 0. 0. 0. 0. 0. 0. 0. 0. 0. 0. 0. 0. 0. 0. 0. 0. 0. 0. 0.
 0. 0. 0. 0. 0. 0. 0. 0. 0. 0. 0. 0. 0. 0. 0. 0. 0. 0. 0. 0. 0.]
[0.6953554 0.        0.        0.        0.        0.        0.
 0.        0.        0.        0.        0.        0.        0.
 0.        0.        0.        0.        0.        0.        0.
 0.        0.        0.        0.        0.        0.        0.
 0.        0.        0.        0.        0.        0.        0.
 0.        0.        0.        0.        0.        0.        0.
 0.        0.        0.       ]
[0.         0.         0.         0.         0.         0.
 0.         0.         0.         0.         0.         0.
 0.         0.         0.         0.         0.21925603 0.
 0.         0.         0.         0.         0.         0.
 0.         0.         0.         0.         0.         0.
 0.         0.         0.         0.         0.         0.
 0.         0.         0.         0.         0.         0.
 0.         0.         0.        ]
[0.00000000e+00 0.00000000e+00 0.00000000e+00 6.01752351e-11
 0.00000000e+00 0.00000000e+00 1.23781989e-02 5.48580071e-10
 0.00000000e+00 0.00000000e+00 0.00000000e+00 8.10972934e-05
 9.36600254e-03 1.50154994e-06 0.00000000e+00 0.00000000e+00
 0.00000000e+00 0.00000000e+00 0.00000000e+00 9.37322699e-03
 0.00000000e+00 5.13353977e-02 5.19871121e-01 0.00000000e+00
 1.64496047e-03 1.33124868e-05 9.74400971e-09 6.45860826e-07
 0.00000000e+00 1.54694012e-03 0.00000000e+00 0.00000000e+00
 0.00000000e+00 0.00000000e+00 5.73803565e-07 7.20681521e-11
 0.00000000e+00 1.20670553e-06 8.66353836e-03 1.34445840e-10
 3.76728406e-01 6.08208348e-08 2.43277935e-01 1.13267664e-11
 0.00000000e+00]
[0.00000000e+00 0.00000000e+00 0.00000000e+00 0.00000000e+00
 0.00000000e+00 4.81588228e-10 3.77148309e-13 6.66272898e-01
 9.40279710e-10 0.00000000e+00 0.00000000e+00 0.00000000e+00
 2.90283948e-02 0.00000000e+00 1.41647946e-08 0.00000000e+00
 0.00000000e+00 0.00000000e+00 0.00000000e+00 0.00000000e+00
 0.00000000e+00 6.84816294e-05 3.48989907e-05 8.41129923e-11
 0.00000000e+00 4.76305382e-02 6.69641597e-06 1.92255303e-08
 1.41043863e-01 0.00000000e+00 0.00000000e+00 0.00000000e+00
 0.00000000e+00 0.00000000e+00 8.68153339e-09 3.54928839e-07
 2.06993975e-11 9.11601770e-02 1.01918651e-03 0.00000000e+00
 4.96232211e-08 2.61838650e-04 1.03271614e-10 3.22257871e-11
 0.00000000e+00]
[0.00000000e+00 0.00000000e+00 0.00000000e+00 0.00000000e+00
 0.00000000e+00 2.46666951e-03 6.79407216e-07 0.00000000e+00
 0.00000000e+00 9.69554458e-12 0.00000000e+00 1.58774339e-03
 1.50539075e-05 6.54792410e-02 1.21384835e+00 0.00000000e+00
 0.00000000e+00 0.00000000e+00 0.00000000e+00 0.00000000e+00
 0.00000000e+00 0.00000000e+00 0.00000000e+00 0.00000000e+00
 6.83699317e-09 9.74633143e-04 0.00000000e+00 0.00000000e+00
 0.00000000e+00 0.00000000e+00 0.00000000e+00 0.00000000e+00
 0.00000000e+00 0.00000000e+00 0.00000000e+00 4.80901882e-05
 6.46383325e-03 0.00000000e+00 1.90606694e-01 1.33423365e-01
 2.11278095e-04 8.83356281e-02 0.00000000e+00 2.93694334e-05
 0.00000000e+00]
[0.00000000e+00 0.00000000e+00 0.00000000e+00 0.00000000e+00
 0.00000000e+00 0.00000000e+00 2.63471940e-14 0.00000000e+00
 0.00000000e+00 2.32896631e-12 0.00000000e+00 2.11251179e-07
 6.55071219e-05 0.00000000e+00 0.00000000e+00 0.00000000e+00
 0.00000000e+00 0.00000000e+00 0.00000000e+00 0.00000000e+00
 0.00000000e+00 0.00000000e+00 4.62204936e-04 0.00000000e+00
 3.87486227e-06 1.51972796e-04 7.93784798e-03 8.06901862e-01
 0.00000000e+00 2.06552060e-01 0.00000000e+00 0.00000000e+00
 0.00000000e+00 0.00000000e+00 0.00000000e+00 0.00000000e+00
 2.70783705e-07 3.36364037e-03 1.26238402e-04 4.55261364e-02
 3.32849804e-07 1.62526108e-10 1.42763526e-07 0.00000000e+00
 0.00000000e+00]
[0.00000000e+00 0.00000000e+00 0.00000000e+00 0.00000000e+00
 0.00000000e+00 0.00000000e+00 6.04681486e-11 0.00000000e+00
 1.46301063e-03 1.21241662e-08 0.00000000e+00 0.00000000e+00
 0.00000000e+00 7.73223546e-12 1.53199015e-10 0.00000000e+00
 0.00000000e+00 0.00000000e+00 0.00000000e+00 0.00000000e+00
 0.00000000e+00 2.35102672e-01 0.00000000e+00 1.23004639e-05
 1.80489106e-05 0.00000000e+00 1.93416932e-06 7.51830965e-09
 5.27155291e-12 5.25708581e-09 0.00000000e+00 0.00000000e+00
 0.00000000e+00 0.00000000e+00 0.00000000e+00 0.00000000e+00
 0.00000000e+00 3.94196990e-12 1.93946044e-04 0.00000000e+00
 0.00000000e+00 7.19104216e-03 4.75383073e-08 2.03165327e-02
 8.63795922e-10]
[0.00000000e+00 0.00000000e+00 0.00000000e+00 0.00000000e+00
 0.00000000e+00 0.00000000e+00 0.00000000e+00 0.00000000e+00
 3.89284343e-04 0.00000000e+00 0.00000000e+00 7.98870764e-10
 0.00000000e+00 0.00000000e+00 3.10756537e-06 0.00000000e+00
 0.00000000e+00 0.00000000e+00 0.00000000e+00 0.00000000e+00
 0.00000000e+00 0.00000000e+00 0.00000000e+00 0.00000000e+00
 3.48890292e-04 2.16120179e-04 2.56001394e-02 1.86389636e-11
 0.00000000e+00 8.80864078e-02 0.00000000e+00 0.00000000e+00
 0.00000000e+00 0.00000000e+00 0.00000000e+00 0.00000000e+00
 0.00000000e+00 0.00000000e+00 0.00000000e+00 4.76969514e-13
 6.73814335e-04 0.00000000e+00 8.83055429e-03 8.58352380e-01
 0.00000000e+00]
[0.00000000e+00 0.00000000e+00 0.00000000e+00 0.00000000e+00
 0.00000000e+00 0.00000000e+00 0.00000000e+00 0.00000000e+00
 0.00000000e+00 1.38248929e-05 0.00000000e+00 1.37690424e-02
 0.00000000e+00 7.89882140e-06 0.00000000e+00 0.00000000e+00
 0.00000000e+00 0.00000000e+00 0.00000000e+00 0.00000000e+00
 0.00000000e+00 0.00000000e+00 0.00000000e+00 0.00000000e+00
 0.00000000e+00 1.55354365e-01 7.70440577e-08 4.83047253e-02
 1.66950000e-08 0.00000000e+00 0.00000000e+00 0.00000000e+00
 0.00000000e+00 0.00000000e+00 0.00000000e+00 0.00000000e+00
 0.00000000e+00 0.00000000e+00 0.00000000e+00 0.00000000e+00
 4.82567808e-04 1.23332761e-09 0.00000000e+00 2.07883051e-01
 6.69278759e-08]
[0.00000000e+00 0.00000000e+00 0.00000000e+00 0.00000000e+00
 0.00000000e+00 0.00000000e+00 0.00000000e+00 0.00000000e+00
 0.00000000e+00 0.00000000e+00 0.00000000e+00 1.56441706e-08
 3.39292471e-11 4.82511521e-02 9.11189455e-09 0.00000000e+00
 0.00000000e+00 0.00000000e+00 0.00000000e+00 0.00000000e+00
 0.00000000e+00 0.00000000e+00 0.00000000e+00 0.00000000e+00
 0.00000000e+00 0.00000000e+00 1.50154994e-07 1.51737830e-01
 1.50396538e-04 0.00000000e+00 0.00000000e+00 0.00000000e+00
 0.00000000e+00 0.00000000e+00 0.00000000e+00 0.00000000e+00
 0.00000000e+00 0.00000000e+00 0.00000000e+00 0.00000000e+00
 9.89838883e-06 4.65462451e-07 7.86628956e-06 0.00000000e+00
 1.49476022e-08]
[0.         0.         0.         0.         0.         0.
 0.         0.         0.         0.         0.16478986 0.
 0.         0.         0.         0.         0.         0.
 0.         0.         0.         0.         0.         0.
 0.         0.         0.         0.         0.         0.
 0.         0.         0.         0.         0.         0.
 0.         0.         0.         0.         0.         0.
 0.         0.         0.        ]
[0.00000000e+00 0.00000000e+00 0.00000000e+00 0.00000000e+00
 0.00000000e+00 0.00000000e+00 0.00000000e+00 0.00000000e+00
 0.00000000e+00 0.00000000e+00 0.00000000e+00 0.00000000e+00
 9.65784423e-10 6.83248273e-04 5.80087365e-06 0.00000000e+00
 0.00000000e+00 0.00000000e+00 0.00000000e+00 0.00000000e+00
 0.00000000e+00 0.00000000e+00 0.00000000e+00 0.00000000e+00
 0.00000000e+00 0.00000000e+00 0.00000000e+00 0.00000000e+00
 0.00000000e+00 2.80259102e-07 0.00000000e+00 0.00000000e+00
 0.00000000e+00 0.00000000e+00 0.00000000e+00 0.00000000e+00
 0.00000000e+00 0.00000000e+00 0.00000000e+00 0.00000000e+00
 0.00000000e+00 0.00000000e+00 3.96535868e-08 0.00000000e+00
 9.83052731e-12]
[0.00000000e+00 0.00000000e+00 0.00000000e+00 0.00000000e+00
 0.00000000e+00 0.00000000e+00 0.00000000e+00 0.00000000e+00
 0.00000000e+00 0.00000000e+00 0.00000000e+00 0.00000000e+00
 0.00000000e+00 8.47239310e-02 7.11976966e-02 0.00000000e+00
 0.00000000e+00 0.00000000e+00 0.00000000e+00 0.00000000e+00
 0.00000000e+00 0.00000000e+00 0.00000000e+00 0.00000000e+00
 0.00000000e+00 0.00000000e+00 0.00000000e+00 0.00000000e+00
 0.00000000e+00 0.00000000e+00 0.00000000e+00 0.00000000e+00
 0.00000000e+00 0.00000000e+00 0.00000000e+00 0.00000000e+00
 0.00000000e+00 0.00000000e+00 0.00000000e+00 0.00000000e+00
 0.00000000e+00 0.00000000e+00 0.00000000e+00 1.15502433e-04
 3.06485499e-13]
[0.00000000e+00 0.00000000e+00 0.00000000e+00 0.00000000e+00
 0.00000000e+00 0.00000000e+00 0.00000000e+00 0.00000000e+00
 0.00000000e+00 0.00000000e+00 0.00000000e+00 0.00000000e+00
 0.00000000e+00 0.00000000e+00 0.00000000e+00 0.00000000e+00
 0.00000000e+00 0.00000000e+00 0.00000000e+00 0.00000000e+00
 0.00000000e+00 0.00000000e+00 0.00000000e+00 0.00000000e+00
 0.00000000e+00 0.00000000e+00 0.00000000e+00 0.00000000e+00
 1.56147874e-01 0.00000000e+00 0.00000000e+00 0.00000000e+00
 0.00000000e+00 0.00000000e+00 0.00000000e+00 0.00000000e+00
 0.00000000e+00 0.00000000e+00 0.00000000e+00 0.00000000e+00
 0.00000000e+00 0.00000000e+00 0.00000000e+00 0.00000000e+00
 7.68114333e-11]
[0.00000000e+00 0.00000000e+00 4.69676819e-02 2.41348525e-12
 5.18745841e-09 0.00000000e+00 4.02915202e-05 1.00080393e-03
 9.68964058e-01 0.00000000e+00 0.00000000e+00 0.00000000e+00
 1.63119485e-01 0.00000000e+00 1.33175524e-02 0.00000000e+00
 0.00000000e+00 0.00000000e+00 2.03575667e-10 3.17318032e-08
 0.00000000e+00 5.43209387e-07 0.00000000e+00 3.29309682e-07
 0.00000000e+00 1.00978597e-04 0.00000000e+00 5.84110288e-03
 4.43269696e-02 7.19820347e-01 0.00000000e+00 0.00000000e+00
 0.00000000e+00 0.00000000e+00 0.00000000e+00 0.00000000e+00
 0.00000000e+00 1.25406487e-05 9.66909928e-10 1.97428505e-09
 7.04768777e-02 9.84532711e-06 2.75854841e-04 0.00000000e+00
 2.26593240e-02]
[0.         0.         0.         0.         0.         0.
 0.         0.         0.         0.         0.         0.
 0.         0.         0.         0.36158481 0.         0.
 0.         0.         0.         0.         0.         0.
 0.         0.         0.         0.         0.         0.
 0.         0.         0.         0.         0.         0.
 0.         0.         0.         0.         0.         0.
 0.         0.         0.        ]
[0.         0.         0.         0.         0.         0.
 0.         0.         0.         0.         0.         0.
 0.         0.         0.         0.         0.         0.
 0.         0.         0.         0.         0.         0.
 0.         0.         0.         0.         0.         0.
 0.         0.08021287 0.         0.         0.         0.
 0.         0.         0.         0.         0.         0.
 0.         0.         0.        ]
[0. 0. 0. 0. 0. 0. 0. 0. 0. 0. 0. 0. 0. 0. 0. 0. 0. 0. 0. 0. 0. 0. 0. 0.
 0. 0. 0. 0. 0. 0. 0. 0. 0. 0. 0. 0. 0. 0. 0. 0. 0. 0. 0. 0. 0.]
[0.         0.         0.         0.         0.         0.
 0.         0.         0.         0.         0.         0.
 0.         0.         0.         0.         0.         0.
 0.         0.         0.         0.         0.         0.
 0.         0.         0.         0.         0.         0.
 0.         0.         0.         0.13601227 0.         0.
 0.         0.         0.         0.         0.         0.
 0.         0.         0.        ]
[0.00000000e+00 0.00000000e+00 0.00000000e+00 0.00000000e+00
 2.79809963e-03 0.00000000e+00 2.24542520e-06 7.04159115e-04
 0.00000000e+00 6.40880845e-10 0.00000000e+00 7.74500992e-13
 0.00000000e+00 5.44156054e-10 1.37980265e-06 0.00000000e+00
 0.00000000e+00 0.00000000e+00 0.00000000e+00 0.00000000e+00
 0.00000000e+00 8.60482745e-12 6.08826571e-05 3.93733458e-11
 0.00000000e+00 3.53063391e-11 6.13917539e-03 0.00000000e+00
 6.31861276e-09 3.32507543e-10 0.00000000e+00 0.00000000e+00
 0.00000000e+00 0.00000000e+00 0.00000000e+00 0.00000000e+00
 7.59514913e-03 2.98413648e-04 0.00000000e+00 5.14627182e-05
 3.72822429e-12 8.16347871e-08 1.44640611e-05 2.86867311e-09
 0.00000000e+00]
[0.00000000e+00 0.00000000e+00 0.00000000e+00 0.00000000e+00
 0.00000000e+00 0.00000000e+00 3.39288384e-04 9.44194073e-09
 5.11469444e-07 1.58601884e-06 0.00000000e+00 1.02392807e-13
 2.52448392e-08 0.00000000e+00 1.02694200e-07 0.00000000e+00
 0.00000000e+00 0.00000000e+00 0.00000000e+00 0.00000000e+00
 0.00000000e+00 4.65382710e-07 2.26820485e-04 4.70332230e-06
 6.05622819e-03 5.08230722e-09 3.75447209e-10 6.52210646e-05
 5.07983328e-04 4.68751638e-11 0.00000000e+00 0.00000000e+00
 0.00000000e+00 0.00000000e+00 0.00000000e+00 0.00000000e+00
 0.00000000e+00 0.00000000e+00 1.25450882e-02 0.00000000e+00
 0.00000000e+00 1.04503381e-07 1.32047783e-08 0.00000000e+00
 3.90930469e-01]
[0.00000000e+00 0.00000000e+00 0.00000000e+00 0.00000000e+00
 0.00000000e+00 0.00000000e+00 0.00000000e+00 0.00000000e+00
 2.96878553e-14 3.92749950e-02 0.00000000e+00 0.00000000e+00
 2.00139985e-09 0.00000000e+00 0.00000000e+00 0.00000000e+00
 0.00000000e+00 0.00000000e+00 0.00000000e+00 0.00000000e+00
 0.00000000e+00 0.00000000e+00 3.98596189e-07 9.61748560e-08
 0.00000000e+00 2.38531227e-12 7.77166598e-13 4.58078032e-04
 1.69335080e-01 2.29176021e-02 0.00000000e+00 0.00000000e+00
 0.00000000e+00 0.00000000e+00 0.00000000e+00 0.00000000e+00
 1.05753756e-01 0.00000000e+00 5.60909149e-07 2.03195779e-09
 6.12934305e-06 0.00000000e+00 2.52257157e-07 0.00000000e+00
 0.00000000e+00]
[0.00000000e+00 0.00000000e+00 0.00000000e+00 0.00000000e+00
 0.00000000e+00 0.00000000e+00 0.00000000e+00 0.00000000e+00
 0.00000000e+00 2.31073639e-03 0.00000000e+00 7.53012107e-11
 7.55508421e-04 1.94642649e-02 2.35930040e-11 0.00000000e+00
 0.00000000e+00 0.00000000e+00 0.00000000e+00 0.00000000e+00
 0.00000000e+00 0.00000000e+00 0.00000000e+00 2.85211529e-04
 2.77977060e-12 8.93367138e-06 3.57571626e-05 1.29331062e-04
 2.02999127e-09 0.00000000e+00 0.00000000e+00 0.00000000e+00
 0.00000000e+00 0.00000000e+00 0.00000000e+00 0.00000000e+00
 0.00000000e+00 0.00000000e+00 0.00000000e+00 0.00000000e+00
 4.77718511e-03 2.52941617e-02 2.72829104e-01 1.22083732e-13
 8.69152996e-01]
[0.00000000e+00 0.00000000e+00 0.00000000e+00 0.00000000e+00
 0.00000000e+00 0.00000000e+00 0.00000000e+00 0.00000000e+00
 0.00000000e+00 2.58744662e-10 0.00000000e+00 1.03151825e-01
 0.00000000e+00 1.02187817e-04 4.40044831e-08 0.00000000e+00
 0.00000000e+00 0.00000000e+00 0.00000000e+00 0.00000000e+00
 0.00000000e+00 0.00000000e+00 0.00000000e+00 0.00000000e+00
 0.00000000e+00 5.97350113e-04 0.00000000e+00 6.56525415e-06
 0.00000000e+00 3.53914277e-02 0.00000000e+00 0.00000000e+00
 0.00000000e+00 0.00000000e+00 0.00000000e+00 0.00000000e+00
 0.00000000e+00 0.00000000e+00 0.00000000e+00 0.00000000e+00
 1.31438980e-09 5.09364292e-02 2.19743477e-11 6.56980905e-08
 0.00000000e+00]
[0.00000000e+00 0.00000000e+00 0.00000000e+00 0.00000000e+00
 0.00000000e+00 0.00000000e+00 0.00000000e+00 0.00000000e+00
 0.00000000e+00 0.00000000e+00 0.00000000e+00 0.00000000e+00
 0.00000000e+00 0.00000000e+00 2.86262190e-10 0.00000000e+00
 0.00000000e+00 0.00000000e+00 0.00000000e+00 0.00000000e+00
 0.00000000e+00 0.00000000e+00 0.00000000e+00 0.00000000e+00
 0.00000000e+00 0.00000000e+00 0.00000000e+00 2.16931943e-12
 0.00000000e+00 5.14417318e-12 0.00000000e+00 0.00000000e+00
 0.00000000e+00 0.00000000e+00 0.00000000e+00 0.00000000e+00
 0.00000000e+00 0.00000000e+00 0.00000000e+00 3.23407371e-01
 0.00000000e+00 1.43028736e-05 0.00000000e+00 2.51679335e-13
 1.00920143e-03]
[0.00000000e+00 0.00000000e+00 0.00000000e+00 0.00000000e+00
 0.00000000e+00 0.00000000e+00 0.00000000e+00 0.00000000e+00
 0.00000000e+00 0.00000000e+00 0.00000000e+00 1.09229069e-01
 6.09368466e-04 0.00000000e+00 5.27396313e-02 0.00000000e+00
 0.00000000e+00 0.00000000e+00 0.00000000e+00 0.00000000e+00
 0.00000000e+00 0.00000000e+00 0.00000000e+00 0.00000000e+00
 0.00000000e+00 5.83030974e-04 1.63969660e-05 4.34289557e-03
 2.49211724e-08 0.00000000e+00 0.00000000e+00 0.00000000e+00
 0.00000000e+00 0.00000000e+00 0.00000000e+00 0.00000000e+00
 0.00000000e+00 0.00000000e+00 0.00000000e+00 0.00000000e+00
 0.00000000e+00 0.00000000e+00 1.11195307e-03 0.00000000e+00
 0.00000000e+00]
[0.00000000e+00 0.00000000e+00 0.00000000e+00 0.00000000e+00
 0.00000000e+00 0.00000000e+00 0.00000000e+00 0.00000000e+00
 0.00000000e+00 0.00000000e+00 0.00000000e+00 0.00000000e+00
 1.05705170e-01 3.48377894e-14 0.00000000e+00 0.00000000e+00
 0.00000000e+00 0.00000000e+00 0.00000000e+00 0.00000000e+00
 0.00000000e+00 0.00000000e+00 0.00000000e+00 0.00000000e+00
 0.00000000e+00 0.00000000e+00 0.00000000e+00 0.00000000e+00
 0.00000000e+00 9.67084659e-07 0.00000000e+00 0.00000000e+00
 0.00000000e+00 0.00000000e+00 0.00000000e+00 0.00000000e+00
 0.00000000e+00 0.00000000e+00 0.00000000e+00 0.00000000e+00
 0.00000000e+00 0.00000000e+00 0.00000000e+00 6.76981334e-06
 0.00000000e+00]
[0.00000000e+00 0.00000000e+00 0.00000000e+00 0.00000000e+00
 0.00000000e+00 0.00000000e+00 0.00000000e+00 0.00000000e+00
 0.00000000e+00 0.00000000e+00 0.00000000e+00 0.00000000e+00
 0.00000000e+00 7.18432384e-10 0.00000000e+00 0.00000000e+00
 0.00000000e+00 0.00000000e+00 0.00000000e+00 0.00000000e+00
 0.00000000e+00 0.00000000e+00 0.00000000e+00 0.00000000e+00
 0.00000000e+00 0.00000000e+00 0.00000000e+00 8.68375581e-14
 0.00000000e+00 4.50687948e-06 0.00000000e+00 0.00000000e+00
 0.00000000e+00 0.00000000e+00 0.00000000e+00 0.00000000e+00
 0.00000000e+00 0.00000000e+00 0.00000000e+00 0.00000000e+00
 0.00000000e+00 0.00000000e+00 7.71930761e-02 0.00000000e+00
 3.76839355e-03]
[0.         0.         0.         0.         0.         0.
 0.         0.         0.         0.         0.         0.
 0.         0.         0.00795542 0.         0.         0.
 0.         0.         0.         0.         0.         0.
 0.         0.         0.         0.         0.         0.
 0.         0.         0.         0.         0.         0.
 0.         0.         0.         0.         0.         0.
 0.         0.         0.        ]
[0.00000000e+00 0.00000000e+00 4.38697916e-02 6.03179938e-03
 4.38671190e-07 2.25138199e-03 1.47894203e-04 0.00000000e+00
 5.69041025e-02 0.00000000e+00 0.00000000e+00 0.00000000e+00
 1.58963817e-07 1.47295890e-11 4.01638842e-05 0.00000000e+00
 0.00000000e+00 0.00000000e+00 0.00000000e+00 2.23999864e-05
 0.00000000e+00 2.09670460e-09 8.47403113e-01 3.96162808e-01
 1.23433180e-01 3.89744886e-08 0.00000000e+00 0.00000000e+00
 6.08093882e-10 1.27550780e-05 0.00000000e+00 2.13541382e-06
 1.11528490e-13 0.00000000e+00 7.96288665e-11 0.00000000e+00
 6.16195168e-03 0.00000000e+00 1.06056006e-03 0.00000000e+00
 0.00000000e+00 0.00000000e+00 3.88879602e-02 2.67979325e-08
 4.92609360e-04]
[0.00000000e+00 0.00000000e+00 1.94905787e-06 0.00000000e+00
 4.82408649e-04 0.00000000e+00 0.00000000e+00 2.24158063e-11
 1.49651026e-13 1.07078956e-08 0.00000000e+00 5.41131064e-03
 6.65553554e-05 1.25319268e-04 4.78237777e-04 0.00000000e+00
 0.00000000e+00 0.00000000e+00 0.00000000e+00 1.44768270e-07
 2.75380284e-02 1.33383998e-03 1.66015102e-06 2.60245753e-13
 0.00000000e+00 0.00000000e+00 2.27494113e-07 9.91339670e-07
 0.00000000e+00 2.20522590e-02 0.00000000e+00 8.36989193e-06
 9.29767520e-04 0.00000000e+00 0.00000000e+00 0.00000000e+00
 1.18501742e-12 4.89526433e-01 0.00000000e+00 0.00000000e+00
 0.00000000e+00 1.20327731e+00 1.49996814e-01 3.54191133e-05
 0.00000000e+00]
[0.00000000e+00 5.08747861e-02 0.00000000e+00 1.18738091e-03
 2.13228509e-02 5.08323163e-04 6.05478768e-12 3.41409212e-05
 8.36747615e-08 0.00000000e+00 0.00000000e+00 3.40709713e-12
 0.00000000e+00 0.00000000e+00 0.00000000e+00 0.00000000e+00
 0.00000000e+00 0.00000000e+00 0.00000000e+00 1.69676096e-11
 4.39496928e-02 4.77351455e-06 1.19500256e-08 0.00000000e+00
 1.03141368e-08 3.24202547e-04 0.00000000e+00 0.00000000e+00
 0.00000000e+00 2.25423930e-05 0.00000000e+00 0.00000000e+00
 3.62290171e-09 0.00000000e+00 6.60149170e-04 0.00000000e+00
 6.08952169e-11 0.00000000e+00 0.00000000e+00 0.00000000e+00
 0.00000000e+00 4.84365094e-01 3.19233661e-05 3.67136241e-02
 3.30231090e-01]
[0.00000000e+00 0.00000000e+00 0.00000000e+00 0.00000000e+00
 6.36626240e-06 1.33830427e-02 6.09054218e-03 1.46621413e-10
 1.73168286e-04 8.97967117e-04 7.00840388e-05 0.00000000e+00
 7.28991410e-08 9.48658929e-06 1.26295012e-10 0.00000000e+00
 0.00000000e+00 0.00000000e+00 0.00000000e+00 3.76388486e-14
 1.08060072e-04 8.85413878e-07 8.27018827e-14 0.00000000e+00
 2.80838017e-07 2.38788667e-09 1.37203416e-05 4.44247889e-03
 0.00000000e+00 8.32816763e-12 0.00000000e+00 0.00000000e+00
 0.00000000e+00 0.00000000e+00 0.00000000e+00 0.00000000e+00
 0.00000000e+00 1.42515757e-12 0.00000000e+00 0.00000000e+00
 8.41156109e-10 9.58682682e-09 2.05765848e-04 2.08312772e-09
 0.00000000e+00]
[0.00000000e+00 0.00000000e+00 0.00000000e+00 7.74990333e-02
 0.00000000e+00 6.57780814e-02 8.16634401e-07 1.65049115e-06
 1.36109572e-04 1.31831184e-07 0.00000000e+00 0.00000000e+00
 2.54630499e-01 0.00000000e+00 2.07150457e-10 0.00000000e+00
 0.00000000e+00 0.00000000e+00 0.00000000e+00 0.00000000e+00
 1.21906693e-08 8.03310799e-06 0.00000000e+00 2.28028639e-05
 3.87848019e-12 4.61527615e-04 9.44410537e-02 2.97350834e-09
 0.00000000e+00 7.82766340e-08 0.00000000e+00 0.00000000e+00
 0.00000000e+00 0.00000000e+00 0.00000000e+00 0.00000000e+00
 0.00000000e+00 2.27285979e-10 0.00000000e+00 0.00000000e+00
 6.07761058e-03 0.00000000e+00 6.07565487e-09 3.38253053e-04
 0.00000000e+00]
[0.00000000e+00 0.00000000e+00 0.00000000e+00 0.00000000e+00
 0.00000000e+00 0.00000000e+00 2.24542520e-06 3.91836430e-05
 1.11674477e-02 1.32697056e-01 0.00000000e+00 4.28612232e-01
 4.99630458e-10 0.00000000e+00 0.00000000e+00 0.00000000e+00
 0.00000000e+00 0.00000000e+00 0.00000000e+00 0.00000000e+00
 1.24894586e-05 9.98078361e-04 0.00000000e+00 3.81819065e-12
 8.90293588e-03 2.05269978e-10 0.00000000e+00 1.86492894e-07
 0.00000000e+00 0.00000000e+00 0.00000000e+00 0.00000000e+00
 0.00000000e+00 0.00000000e+00 0.00000000e+00 0.00000000e+00
 2.60973160e-13 3.43542550e-01 0.00000000e+00 0.00000000e+00
 0.00000000e+00 3.90675148e-11 0.00000000e+00 5.27357694e-05
 6.56832620e-02]
[0.00000000e+00 0.00000000e+00 0.00000000e+00 0.00000000e+00
 0.00000000e+00 0.00000000e+00 0.00000000e+00 3.86760971e-06
 0.00000000e+00 2.49435230e-10 0.00000000e+00 0.00000000e+00
 1.17786722e-11 0.00000000e+00 1.66918452e-13 0.00000000e+00
 0.00000000e+00 0.00000000e+00 0.00000000e+00 0.00000000e+00
 0.00000000e+00 4.98367893e-05 3.54880572e-14 2.77462771e-03
 1.28015783e-04 6.01435292e-02 1.68056215e-12 0.00000000e+00
 7.18003826e-05 0.00000000e+00 0.00000000e+00 0.00000000e+00
 0.00000000e+00 0.00000000e+00 0.00000000e+00 0.00000000e+00
 0.00000000e+00 1.15024990e-12 0.00000000e+00 2.42484408e-02
 1.24230649e-02 3.18316489e-04 1.46925508e-03 1.43090854e-12
 0.00000000e+00]
[0.00000000e+00 0.00000000e+00 0.00000000e+00 0.00000000e+00
 0.00000000e+00 0.00000000e+00 1.90248477e-01 0.00000000e+00
 2.09910371e-03 2.79452305e-03 0.00000000e+00 5.82146244e-06
 4.23153119e-04 2.30044051e-11 2.29625425e-02 0.00000000e+00
 0.00000000e+00 0.00000000e+00 0.00000000e+00 0.00000000e+00
 0.00000000e+00 0.00000000e+00 1.40505114e-05 0.00000000e+00
 0.00000000e+00 0.00000000e+00 8.36680119e-11 8.58931679e-09
 0.00000000e+00 2.80697772e-08 0.00000000e+00 0.00000000e+00
 0.00000000e+00 0.00000000e+00 0.00000000e+00 0.00000000e+00
 0.00000000e+00 0.00000000e+00 7.32497469e-13 4.01766064e-07
 8.05720525e-04 1.05333720e-06 0.00000000e+00 3.11688960e-03
 0.00000000e+00]
[0.00000000e+00 0.00000000e+00 0.00000000e+00 0.00000000e+00
 0.00000000e+00 0.00000000e+00 0.00000000e+00 5.47833873e-02
 0.00000000e+00 4.79566001e-10 3.34164616e-12 2.04033456e-05
 5.07268170e-03 6.10411472e-12 0.00000000e+00 0.00000000e+00
 0.00000000e+00 0.00000000e+00 0.00000000e+00 0.00000000e+00
 0.00000000e+00 0.00000000e+00 0.00000000e+00 3.21577067e-09
 1.06914273e-03 0.00000000e+00 0.00000000e+00 0.00000000e+00
 1.58382224e-06 0.00000000e+00 0.00000000e+00 0.00000000e+00
 0.00000000e+00 0.00000000e+00 0.00000000e+00 0.00000000e+00
 0.00000000e+00 0.00000000e+00 0.00000000e+00 2.61274046e-10
 1.91882370e-04 1.48259110e-06 0.00000000e+00 1.27395698e-07
 0.00000000e+00]
[0.00000000e+00 0.00000000e+00 0.00000000e+00 0.00000000e+00
 0.00000000e+00 0.00000000e+00 0.00000000e+00 0.00000000e+00
 0.00000000e+00 0.00000000e+00 0.00000000e+00 7.41843959e-09
 8.32708666e-05 2.31282645e-01 8.49277353e-03 0.00000000e+00
 0.00000000e+00 0.00000000e+00 0.00000000e+00 0.00000000e+00
 0.00000000e+00 0.00000000e+00 0.00000000e+00 0.00000000e+00
 1.95616800e-06 1.57726776e-09 0.00000000e+00 4.34394034e-13
 9.52110872e-11 1.04912238e-09 0.00000000e+00 0.00000000e+00
 0.00000000e+00 0.00000000e+00 0.00000000e+00 0.00000000e+00
 0.00000000e+00 0.00000000e+00 0.00000000e+00 6.63315828e-09
 1.93563638e-04 0.00000000e+00 6.02669211e-06 1.42604872e-10
 0.00000000e+00]
[0.00000000e+00 0.00000000e+00 0.00000000e+00 0.00000000e+00
 0.00000000e+00 0.00000000e+00 0.00000000e+00 0.00000000e+00
 0.00000000e+00 5.41314929e-02 0.00000000e+00 3.48511066e-11
 7.34627538e-04 1.78850283e-03 3.16177020e-02 0.00000000e+00
 0.00000000e+00 0.00000000e+00 0.00000000e+00 0.00000000e+00
 0.00000000e+00 0.00000000e+00 0.00000000e+00 0.00000000e+00
 6.64326981e-08 2.03940840e-06 5.46764281e-08 3.60366215e-11
 2.10302031e-05 1.96640547e-06 0.00000000e+00 0.00000000e+00
 0.00000000e+00 0.00000000e+00 0.00000000e+00 0.00000000e+00
 0.00000000e+00 0.00000000e+00 0.00000000e+00 0.00000000e+00
 8.68579111e-04 2.64668991e-02 1.65911720e-10 4.07454870e-13
 1.63860292e-02]
[0.00000000e+00 0.00000000e+00 0.00000000e+00 0.00000000e+00
 0.00000000e+00 0.00000000e+00 0.00000000e+00 0.00000000e+00
 0.00000000e+00 0.00000000e+00 0.00000000e+00 0.00000000e+00
 1.65809140e-12 4.05833372e-02 9.60072813e-02 0.00000000e+00
 0.00000000e+00 0.00000000e+00 0.00000000e+00 0.00000000e+00
 0.00000000e+00 0.00000000e+00 0.00000000e+00 0.00000000e+00
 0.00000000e+00 0.00000000e+00 0.00000000e+00 8.63863040e-05
 0.00000000e+00 0.00000000e+00 0.00000000e+00 0.00000000e+00
 0.00000000e+00 0.00000000e+00 0.00000000e+00 0.00000000e+00
 0.00000000e+00 0.00000000e+00 0.00000000e+00 0.00000000e+00
 0.00000000e+00 0.00000000e+00 0.00000000e+00 0.00000000e+00
 8.80689680e-04]
[0.00000000e+00 0.00000000e+00 0.00000000e+00 0.00000000e+00
 0.00000000e+00 0.00000000e+00 0.00000000e+00 0.00000000e+00
 0.00000000e+00 0.00000000e+00 0.00000000e+00 0.00000000e+00
 0.00000000e+00 4.23452825e-05 0.00000000e+00 0.00000000e+00
 0.00000000e+00 0.00000000e+00 0.00000000e+00 0.00000000e+00
 0.00000000e+00 0.00000000e+00 0.00000000e+00 0.00000000e+00
 0.00000000e+00 0.00000000e+00 0.00000000e+00 9.63326235e-03
 1.19962103e-13 1.39729844e-02 0.00000000e+00 0.00000000e+00
 0.00000000e+00 0.00000000e+00 0.00000000e+00 0.00000000e+00
 0.00000000e+00 0.00000000e+00 0.00000000e+00 0.00000000e+00
 0.00000000e+00 0.00000000e+00 7.25617783e-11 7.37232265e-05
 1.85188194e-11]
[0.00000000e+00 0.00000000e+00 0.00000000e+00 0.00000000e+00
 0.00000000e+00 0.00000000e+00 0.00000000e+00 0.00000000e+00
 0.00000000e+00 0.00000000e+00 0.00000000e+00 0.00000000e+00
 0.00000000e+00 0.00000000e+00 0.00000000e+00 0.00000000e+00
 0.00000000e+00 0.00000000e+00 0.00000000e+00 0.00000000e+00
 0.00000000e+00 0.00000000e+00 0.00000000e+00 0.00000000e+00
 0.00000000e+00 0.00000000e+00 0.00000000e+00 0.00000000e+00
 1.28644454e-04 2.48408585e-14 0.00000000e+00 0.00000000e+00
 0.00000000e+00 0.00000000e+00 0.00000000e+00 0.00000000e+00
 0.00000000e+00 0.00000000e+00 0.00000000e+00 0.00000000e+00
 0.00000000e+00 0.00000000e+00 0.00000000e+00 2.52444253e-07
 1.04732403e-02]
[0.00000000e+00 0.00000000e+00 0.00000000e+00 0.00000000e+00
 0.00000000e+00 0.00000000e+00 0.00000000e+00 0.00000000e+00
 0.00000000e+00 0.00000000e+00 0.00000000e+00 0.00000000e+00
 0.00000000e+00 0.00000000e+00 0.00000000e+00 0.00000000e+00
 0.00000000e+00 0.00000000e+00 0.00000000e+00 0.00000000e+00
 0.00000000e+00 0.00000000e+00 0.00000000e+00 0.00000000e+00
 0.00000000e+00 0.00000000e+00 0.00000000e+00 0.00000000e+00
 0.00000000e+00 0.00000000e+00 0.00000000e+00 0.00000000e+00
 0.00000000e+00 0.00000000e+00 0.00000000e+00 0.00000000e+00
 0.00000000e+00 0.00000000e+00 0.00000000e+00 0.00000000e+00
 0.00000000e+00 0.00000000e+00 0.00000000e+00 0.00000000e+00
 1.79408175e-05]
[0. 0. 0. 0. 0. 0. 0. 0. 0. 0. 0. 0. 0. 0. 0. 0. 0. 0. 0. 0. 0. 0. 0. 0.
 0. 0. 0. 0. 0. 0. 0. 0. 0. 0. 0. 0. 0. 0. 0. 0. 0. 0. 0. 0. 0.]
[0.         0.         0.         0.         0.         0.
 0.         0.         0.         0.         0.         0.
 0.         0.         0.         0.22251373 0.         0.
 0.         0.         0.         0.         0.         0.
 0.         0.         0.         0.         0.         0.
 0.         0.         0.         0.         0.         0.
 0.         0.         0.         0.         0.         0.
 0.         0.         0.        ]
[0.        0.        0.        0.        0.        0.        0.
 0.        0.        0.        0.        0.        0.        0.
 0.        0.        0.1636276 0.        0.        0.        0.
 0.        0.        0.        0.        0.        0.        0.
 0.        0.        0.        0.        0.        0.        0.
 0.        0.        0.        0.        0.        0.        0.
 0.        0.        0.       ]
[0.00000000e+00 0.00000000e+00 0.00000000e+00 0.00000000e+00
 3.62560261e-02 1.24944271e-05 2.77422402e-02 1.89398226e-08
 4.67876368e-06 0.00000000e+00 0.00000000e+00 0.00000000e+00
 1.75415209e-05 3.43819991e-02 0.00000000e+00 0.00000000e+00
 0.00000000e+00 0.00000000e+00 0.00000000e+00 6.38838281e-04
 0.00000000e+00 0.00000000e+00 1.21948345e-05 0.00000000e+00
 0.00000000e+00 5.66081547e-09 0.00000000e+00 1.20328166e+00
 5.44164128e-01 2.61352717e-03 0.00000000e+00 0.00000000e+00
 0.00000000e+00 0.00000000e+00 1.85809507e-02 0.00000000e+00
 0.00000000e+00 1.55596404e-04 0.00000000e+00 0.00000000e+00
 0.00000000e+00 0.00000000e+00 0.00000000e+00 0.00000000e+00
 0.00000000e+00]
[0.00000000e+00 0.00000000e+00 0.00000000e+00 0.00000000e+00
 0.00000000e+00 3.24142910e-14 3.30397331e-05 5.18907684e-12
 5.18860616e-11 0.00000000e+00 4.73646483e-04 5.69783633e-08
 0.00000000e+00 4.53712174e-08 5.50143527e-01 0.00000000e+00
 0.00000000e+00 0.00000000e+00 7.71930556e-02 0.00000000e+00
 1.17587769e-03 7.65002829e-02 1.68802514e-03 1.47640212e-11
 2.05454314e-09 3.82733581e-05 2.75352361e-04 0.00000000e+00
 2.87198322e-05 1.36714388e-01 0.00000000e+00 0.00000000e+00
 0.00000000e+00 5.12909966e-08 4.63879559e-14 0.00000000e+00
 6.68918049e-12 0.00000000e+00 1.35891065e-02 0.00000000e+00
 2.97862075e-06 0.00000000e+00 7.43805158e-07 8.42480167e-02
 0.00000000e+00]
[0.00000000e+00 0.00000000e+00 0.00000000e+00 0.00000000e+00
 2.30808309e-12 0.00000000e+00 1.81783298e-04 0.00000000e+00
 2.62840311e-09 0.00000000e+00 5.55377356e-06 1.69678202e-01
 2.25933196e-06 1.65107152e-11 0.00000000e+00 0.00000000e+00
 0.00000000e+00 0.00000000e+00 0.00000000e+00 0.00000000e+00
 0.00000000e+00 1.83604326e-05 9.47998266e-03 4.41284554e-01
 0.00000000e+00 5.85502174e-07 1.38321547e-08 2.93739847e-10
 0.00000000e+00 2.21898067e-07 0.00000000e+00 0.00000000e+00
 0.00000000e+00 0.00000000e+00 0.00000000e+00 0.00000000e+00
 8.14228411e-12 2.11124656e-02 0.00000000e+00 5.07268167e-03
 7.68823134e-02 0.00000000e+00 2.95581129e-04 6.77372835e-08
 0.00000000e+00]
[0.00000000e+00 0.00000000e+00 0.00000000e+00 0.00000000e+00
 0.00000000e+00 0.00000000e+00 0.00000000e+00 0.00000000e+00
 0.00000000e+00 4.81031211e-12 1.53514847e-04 0.00000000e+00
 1.40114051e-08 9.14350773e-01 5.27773817e-12 0.00000000e+00
 0.00000000e+00 0.00000000e+00 0.00000000e+00 0.00000000e+00
 0.00000000e+00 0.00000000e+00 2.85500449e-02 3.25697829e-06
 8.26280693e-05 3.39553007e-08 1.88229064e-08 0.00000000e+00
 1.64949750e-07 0.00000000e+00 0.00000000e+00 0.00000000e+00
 0.00000000e+00 0.00000000e+00 0.00000000e+00 0.00000000e+00
 8.59944703e-05 0.00000000e+00 0.00000000e+00 1.66123109e-03
 2.15273900e-01 3.32495834e-02 7.61082555e-06 8.65744748e-09
 0.00000000e+00]
[0.00000000e+00 0.00000000e+00 0.00000000e+00 0.00000000e+00
 0.00000000e+00 0.00000000e+00 0.00000000e+00 0.00000000e+00
 4.37016256e-06 0.00000000e+00 8.93740415e-04 4.49112825e-05
 0.00000000e+00 4.18191590e-11 4.27883799e-05 0.00000000e+00
 0.00000000e+00 0.00000000e+00 0.00000000e+00 0.00000000e+00
 0.00000000e+00 1.56147864e-01 0.00000000e+00 9.97461226e-03
 2.52107841e-08 2.01818789e-01 0.00000000e+00 1.88581230e-01
 1.54981804e-04 6.32141897e-07 0.00000000e+00 0.00000000e+00
 0.00000000e+00 0.00000000e+00 0.00000000e+00 0.00000000e+00
 0.00000000e+00 7.24668809e-04 1.81411338e-02 6.39543413e-06
 0.00000000e+00 3.91952919e-06 0.00000000e+00 8.30041157e-08
 1.61091276e-07]
[0.00000000e+00 0.00000000e+00 0.00000000e+00 0.00000000e+00
 0.00000000e+00 0.00000000e+00 0.00000000e+00 0.00000000e+00
 4.75395396e-06 7.32606070e-06 6.97674829e-05 4.64986918e-10
 0.00000000e+00 2.31316535e-04 0.00000000e+00 0.00000000e+00
 0.00000000e+00 0.00000000e+00 0.00000000e+00 0.00000000e+00
 0.00000000e+00 0.00000000e+00 0.00000000e+00 0.00000000e+00
 3.56822927e-04 4.02872112e-01 4.69709664e-08 1.02440603e-05
 4.42114183e-04 5.27785026e-09 0.00000000e+00 0.00000000e+00
 0.00000000e+00 0.00000000e+00 0.00000000e+00 0.00000000e+00
 0.00000000e+00 0.00000000e+00 1.03256842e-03 9.43981537e-09
 0.00000000e+00 0.00000000e+00 0.00000000e+00 0.00000000e+00
 6.03209624e-06]
[0.00000000e+00 0.00000000e+00 0.00000000e+00 0.00000000e+00
 0.00000000e+00 0.00000000e+00 0.00000000e+00 0.00000000e+00
 0.00000000e+00 1.00298737e-12 1.60300601e-07 0.00000000e+00
 1.40618183e-08 0.00000000e+00 3.59336791e-04 0.00000000e+00
 0.00000000e+00 0.00000000e+00 0.00000000e+00 0.00000000e+00
 0.00000000e+00 0.00000000e+00 0.00000000e+00 0.00000000e+00
 0.00000000e+00 2.73556075e-05 2.19687466e-10 4.53564606e-08
 5.94040403e-04 0.00000000e+00 0.00000000e+00 0.00000000e+00
 0.00000000e+00 0.00000000e+00 0.00000000e+00 0.00000000e+00
 0.00000000e+00 0.00000000e+00 0.00000000e+00 0.00000000e+00
 4.88991411e-04 1.52245620e-03 0.00000000e+00 0.00000000e+00
 0.00000000e+00]
[0.00000000e+00 0.00000000e+00 0.00000000e+00 0.00000000e+00
 0.00000000e+00 0.00000000e+00 0.00000000e+00 0.00000000e+00
 0.00000000e+00 0.00000000e+00 0.00000000e+00 4.93383849e-10
 0.00000000e+00 4.75077552e-08 1.98667838e-06 0.00000000e+00
 0.00000000e+00 0.00000000e+00 0.00000000e+00 0.00000000e+00
 0.00000000e+00 0.00000000e+00 0.00000000e+00 0.00000000e+00
 7.89548085e-02 0.00000000e+00 1.03339650e-07 1.60684549e-01
 3.44121376e-06 4.14291791e-03 0.00000000e+00 0.00000000e+00
 0.00000000e+00 0.00000000e+00 0.00000000e+00 0.00000000e+00
 0.00000000e+00 0.00000000e+00 0.00000000e+00 0.00000000e+00
 3.36575538e-03 4.82292898e-04 2.09689160e-08 2.50723272e-09
 0.00000000e+00]
[0.00000000e+00 0.00000000e+00 0.00000000e+00 0.00000000e+00
 0.00000000e+00 0.00000000e+00 0.00000000e+00 0.00000000e+00
 0.00000000e+00 0.00000000e+00 1.10274287e-01 0.00000000e+00
 3.61183634e-07 0.00000000e+00 0.00000000e+00 0.00000000e+00
 0.00000000e+00 0.00000000e+00 0.00000000e+00 0.00000000e+00
 0.00000000e+00 0.00000000e+00 0.00000000e+00 0.00000000e+00
 0.00000000e+00 1.40683671e-06 0.00000000e+00 1.80526879e-02
 1.48710643e-03 1.10710742e-05 0.00000000e+00 0.00000000e+00
 0.00000000e+00 0.00000000e+00 0.00000000e+00 0.00000000e+00
 0.00000000e+00 0.00000000e+00 0.00000000e+00 0.00000000e+00
 0.00000000e+00 1.09316645e-05 1.47899708e-07 1.09189767e-03
 0.00000000e+00]
[0.00000000e+00 0.00000000e+00 0.00000000e+00 0.00000000e+00
 0.00000000e+00 0.00000000e+00 0.00000000e+00 0.00000000e+00
 0.00000000e+00 0.00000000e+00 0.00000000e+00 0.00000000e+00
 1.15874323e-03 1.63499487e-11 2.63700006e-02 0.00000000e+00
 0.00000000e+00 0.00000000e+00 0.00000000e+00 0.00000000e+00
 0.00000000e+00 0.00000000e+00 0.00000000e+00 0.00000000e+00
 0.00000000e+00 0.00000000e+00 0.00000000e+00 0.00000000e+00
 0.00000000e+00 2.43813385e-08 0.00000000e+00 0.00000000e+00
 0.00000000e+00 0.00000000e+00 0.00000000e+00 0.00000000e+00
 0.00000000e+00 0.00000000e+00 0.00000000e+00 0.00000000e+00
 0.00000000e+00 0.00000000e+00 3.43268768e-06 3.47862354e-10
 1.93368852e-10]
[0.00000000e+00 0.00000000e+00 0.00000000e+00 0.00000000e+00
 0.00000000e+00 0.00000000e+00 0.00000000e+00 0.00000000e+00
 0.00000000e+00 0.00000000e+00 0.00000000e+00 0.00000000e+00
 5.23697401e-02 0.00000000e+00 0.00000000e+00 0.00000000e+00
 0.00000000e+00 0.00000000e+00 0.00000000e+00 0.00000000e+00
 0.00000000e+00 0.00000000e+00 0.00000000e+00 0.00000000e+00
 0.00000000e+00 0.00000000e+00 0.00000000e+00 2.57176249e-14
 0.00000000e+00 3.42280753e-04 0.00000000e+00 0.00000000e+00
 0.00000000e+00 0.00000000e+00 0.00000000e+00 0.00000000e+00
 0.00000000e+00 0.00000000e+00 0.00000000e+00 0.00000000e+00
 0.00000000e+00 0.00000000e+00 0.00000000e+00 3.12422199e-08
 1.64131738e-06]
[0.00000000e+00 0.00000000e+00 0.00000000e+00 0.00000000e+00
 0.00000000e+00 0.00000000e+00 0.00000000e+00 0.00000000e+00
 0.00000000e+00 0.00000000e+00 0.00000000e+00 0.00000000e+00
 0.00000000e+00 8.82898494e-04 0.00000000e+00 0.00000000e+00
 0.00000000e+00 0.00000000e+00 0.00000000e+00 0.00000000e+00
 0.00000000e+00 0.00000000e+00 0.00000000e+00 0.00000000e+00
 0.00000000e+00 0.00000000e+00 0.00000000e+00 0.00000000e+00
 5.08747861e-02 0.00000000e+00 0.00000000e+00 0.00000000e+00
 0.00000000e+00 0.00000000e+00 0.00000000e+00 0.00000000e+00
 0.00000000e+00 0.00000000e+00 0.00000000e+00 0.00000000e+00
 0.00000000e+00 0.00000000e+00 0.00000000e+00 0.00000000e+00
 2.86057301e-06]
[0.00000000e+00 0.00000000e+00 1.28510798e-02 4.76901379e-02
 0.00000000e+00 0.00000000e+00 2.42950392e-04 2.27830565e-02
 3.51374093e-06 1.59722048e-02 1.56164114e-12 0.00000000e+00
 0.00000000e+00 0.00000000e+00 1.70072699e-08 0.00000000e+00
 0.00000000e+00 0.00000000e+00 0.00000000e+00 0.00000000e+00
 0.00000000e+00 4.49408931e-04 0.00000000e+00 0.00000000e+00
 0.00000000e+00 1.41333780e-03 6.02711101e-05 1.52557506e-09
 2.36288146e-05 6.46406454e-03 0.00000000e+00 3.12177023e-06
 1.10813720e-12 3.13562335e-06 8.39489301e-09 0.00000000e+00
 1.67180729e-03 1.60541918e-07 0.00000000e+00 9.38267948e-05
 0.00000000e+00 0.00000000e+00 1.36272662e-11 3.39365841e-01
 1.71364036e-06]
[0.00000000e+00 0.00000000e+00 8.92144353e-13 2.69163741e-07
 1.17514792e-02 2.66490327e-10 0.00000000e+00 1.19903990e-02
 1.04296847e-06 0.00000000e+00 2.03172979e-09 1.36735097e-07
 5.66694156e-03 1.02636924e-07 3.17887216e-03 0.00000000e+00
 0.00000000e+00 0.00000000e+00 0.00000000e+00 0.00000000e+00
 1.20699681e-05 0.00000000e+00 6.50780360e-05 1.62064496e-04
 0.00000000e+00 4.37141827e-06 0.00000000e+00 4.14471691e-11
 0.00000000e+00 0.00000000e+00 1.35907189e-01 0.00000000e+00
 7.01008365e-06 6.59155919e-08 0.00000000e+00 0.00000000e+00
 5.58111462e-06 0.00000000e+00 0.00000000e+00 0.00000000e+00
 2.41102574e-01 1.31840872e-01 1.63859467e-03 2.24000513e-11
 0.00000000e+00]
[0.00000000e+00 0.00000000e+00 0.00000000e+00 0.00000000e+00
 3.82300365e-01 8.51999283e-05 5.32177101e-03 4.36719285e-09
 1.20277387e-05 0.00000000e+00 1.10494457e-10 2.04684683e-09
 4.97679760e-07 4.57580859e-13 2.67083073e-08 0.00000000e+00
 0.00000000e+00 0.00000000e+00 0.00000000e+00 2.31974963e-08
 0.00000000e+00 1.09317857e-12 3.52454948e-10 9.31366786e-07
 1.78430069e-13 0.00000000e+00 1.43826098e-03 3.32964637e-05
 4.30883903e-01 7.16316113e-05 0.00000000e+00 0.00000000e+00
 0.00000000e+00 2.99231951e-02 1.53232784e-01 0.00000000e+00
 5.99088491e-12 2.30303796e-08 2.02622757e-03 1.01646144e-08
 0.00000000e+00 0.00000000e+00 2.39515769e-02 7.07840683e-11
 0.00000000e+00]
[0. 0. 0. 0. 0. 0. 0. 0. 0. 0. 0. 0. 0. 0. 0. 0. 0. 0. 0. 0. 0. 0. 0. 0.
 0. 0. 0. 0. 0. 0. 0. 0. 0. 0. 0. 0. 0. 0. 0. 0. 0. 0. 0. 0. 0.]
[0.00000000e+00 0.00000000e+00 0.00000000e+00 5.89846461e-07
 0.00000000e+00 0.00000000e+00 7.88793624e-04 3.77391849e-03
 0.00000000e+00 2.88036037e-03 1.21130013e-11 2.33660875e-02
 1.03043220e-11 5.97454120e-10 1.47396357e-03 0.00000000e+00
 0.00000000e+00 0.00000000e+00 0.00000000e+00 0.00000000e+00
 1.54221736e-09 2.17246770e-02 2.56516432e-04 1.73022131e-08
 0.00000000e+00 2.43655972e-12 1.26155326e-02 0.00000000e+00
 1.28856759e-01 1.48734609e-06 0.00000000e+00 0.00000000e+00
 0.00000000e+00 1.05753756e-01 0.00000000e+00 0.00000000e+00
 0.00000000e+00 1.29225652e-10 4.15046413e-06 2.79486339e-06
 3.73871109e-05 7.18005274e-05 1.11383045e-07 0.00000000e+00
 0.00000000e+00]
[0.00000000e+00 0.00000000e+00 0.00000000e+00 0.00000000e+00
 0.00000000e+00 0.00000000e+00 1.18566844e-03 0.00000000e+00
 0.00000000e+00 7.12417360e-02 0.00000000e+00 2.62231450e-06
 0.00000000e+00 0.00000000e+00 1.21084952e+00 0.00000000e+00
 0.00000000e+00 0.00000000e+00 0.00000000e+00 0.00000000e+00
 4.57691687e-06 3.78797001e-03 0.00000000e+00 1.67188632e-06
 3.80735019e-04 2.26370789e-13 1.39351158e-13 0.00000000e+00
 1.28443393e-06 0.00000000e+00 0.00000000e+00 0.00000000e+00
 0.00000000e+00 0.00000000e+00 0.00000000e+00 0.00000000e+00
 1.40122333e-10 0.00000000e+00 9.04871452e-02 1.65042616e-02
 0.00000000e+00 8.89067182e-04 9.98491538e-10 4.58950876e-01
 0.00000000e+00]
[0.00000000e+00 0.00000000e+00 0.00000000e+00 0.00000000e+00
 0.00000000e+00 0.00000000e+00 9.23007739e-11 0.00000000e+00
 8.90902160e-04 7.23743409e-11 1.44633326e-10 8.33700897e-03
 4.86818970e-02 0.00000000e+00 0.00000000e+00 0.00000000e+00
 0.00000000e+00 0.00000000e+00 0.00000000e+00 0.00000000e+00
 0.00000000e+00 0.00000000e+00 2.37939210e-08 6.23187182e-13
 4.61213827e-08 0.00000000e+00 3.68963677e-08 3.97624790e-11
 0.00000000e+00 4.13354779e-01 0.00000000e+00 0.00000000e+00
 0.00000000e+00 0.00000000e+00 0.00000000e+00 0.00000000e+00
 0.00000000e+00 3.66867549e-03 2.20219104e-01 4.56328725e-02
 4.97715604e-09 1.09009248e-03 3.55469663e-05 1.25662942e-05
 0.00000000e+00]
[0.00000000e+00 0.00000000e+00 0.00000000e+00 0.00000000e+00
 0.00000000e+00 0.00000000e+00 0.00000000e+00 0.00000000e+00
 1.00990721e-04 9.73215624e-03 0.00000000e+00 0.00000000e+00
 7.27357453e-13 2.00611194e-05 0.00000000e+00 0.00000000e+00
 0.00000000e+00 0.00000000e+00 0.00000000e+00 0.00000000e+00
 0.00000000e+00 0.00000000e+00 1.21464286e-13 5.96274555e-04
 3.67039664e-11 0.00000000e+00 4.14291883e-03 2.34943832e-04
 2.95749770e-07 1.55350333e-08 0.00000000e+00 0.00000000e+00
 0.00000000e+00 0.00000000e+00 0.00000000e+00 0.00000000e+00
 1.56147864e-01 0.00000000e+00 6.80204067e-02 7.17118734e-04
 4.49980465e-08 6.97285439e-03 4.16129756e-02 0.00000000e+00
 0.00000000e+00]
[0.00000000e+00 0.00000000e+00 0.00000000e+00 0.00000000e+00
 0.00000000e+00 0.00000000e+00 0.00000000e+00 0.00000000e+00
 0.00000000e+00 0.00000000e+00 4.99432989e-03 1.06964914e-05
 0.00000000e+00 5.89306145e-03 1.52409710e-07 0.00000000e+00
 0.00000000e+00 0.00000000e+00 0.00000000e+00 0.00000000e+00
 0.00000000e+00 0.00000000e+00 0.00000000e+00 1.74959781e-03
 1.08958205e-06 7.21086052e-04 2.54496617e-04 2.10384918e-08
 2.08462093e-11 8.16774773e-10 0.00000000e+00 0.00000000e+00
 0.00000000e+00 0.00000000e+00 0.00000000e+00 0.00000000e+00
 0.00000000e+00 0.00000000e+00 0.00000000e+00 1.92266486e-07
 1.71929243e-10 1.96670080e-05 1.29434015e-01 7.59301075e-02
 2.40249685e-12]
[0.00000000e+00 0.00000000e+00 0.00000000e+00 0.00000000e+00
 0.00000000e+00 0.00000000e+00 0.00000000e+00 0.00000000e+00
 0.00000000e+00 0.00000000e+00 3.58745278e-07 1.46906458e-02
 0.00000000e+00 5.35415903e-13 1.16064799e-04 0.00000000e+00
 0.00000000e+00 0.00000000e+00 0.00000000e+00 0.00000000e+00
 0.00000000e+00 0.00000000e+00 0.00000000e+00 0.00000000e+00
 3.10518422e-13 6.21323046e-08 1.39507549e-09 0.00000000e+00
 1.17936605e-02 1.45037532e-01 0.00000000e+00 0.00000000e+00
 0.00000000e+00 0.00000000e+00 0.00000000e+00 0.00000000e+00
 0.00000000e+00 0.00000000e+00 0.00000000e+00 0.00000000e+00
 0.00000000e+00 0.00000000e+00 0.00000000e+00 1.62209164e-08
 2.21727686e-03]
[0.         0.         0.         0.         0.         0.
 0.         0.         0.         0.         0.         0.
 0.         0.         0.         0.         0.         0.
 0.         0.         0.         0.         0.         0.
 0.         0.         0.         0.         0.         0.
 0.         0.         0.         0.         0.         0.
 0.         0.         0.         0.24108249 0.         0.
 0.         0.         0.        ]
[0.00000000e+00 0.00000000e+00 0.00000000e+00 0.00000000e+00
 0.00000000e+00 0.00000000e+00 0.00000000e+00 0.00000000e+00
 0.00000000e+00 0.00000000e+00 1.79250385e-10 0.00000000e+00
 1.16050251e-06 7.78637483e-04 5.54425616e-07 0.00000000e+00
 0.00000000e+00 0.00000000e+00 0.00000000e+00 0.00000000e+00
 0.00000000e+00 0.00000000e+00 0.00000000e+00 0.00000000e+00
 0.00000000e+00 0.00000000e+00 5.20162195e-03 5.16433591e-11
 1.20444315e-13 3.83317013e-05 0.00000000e+00 0.00000000e+00
 0.00000000e+00 0.00000000e+00 0.00000000e+00 0.00000000e+00
 0.00000000e+00 0.00000000e+00 0.00000000e+00 0.00000000e+00
 0.00000000e+00 0.00000000e+00 2.13298744e-03 3.27501708e-12
 1.81883248e-01]
[0.00000000e+00 0.00000000e+00 0.00000000e+00 0.00000000e+00
 0.00000000e+00 0.00000000e+00 0.00000000e+00 0.00000000e+00
 0.00000000e+00 0.00000000e+00 0.00000000e+00 0.00000000e+00
 1.17822593e-02 3.41645040e-10 0.00000000e+00 0.00000000e+00
 0.00000000e+00 0.00000000e+00 0.00000000e+00 0.00000000e+00
 0.00000000e+00 0.00000000e+00 0.00000000e+00 0.00000000e+00
 0.00000000e+00 0.00000000e+00 0.00000000e+00 0.00000000e+00
 9.22991372e-11 0.00000000e+00 0.00000000e+00 0.00000000e+00
 0.00000000e+00 0.00000000e+00 0.00000000e+00 0.00000000e+00
 0.00000000e+00 0.00000000e+00 0.00000000e+00 0.00000000e+00
 0.00000000e+00 0.00000000e+00 0.00000000e+00 0.00000000e+00
 6.00632100e-10]
[0.00000000e+00 0.00000000e+00 0.00000000e+00 0.00000000e+00
 0.00000000e+00 0.00000000e+00 0.00000000e+00 0.00000000e+00
 0.00000000e+00 0.00000000e+00 0.00000000e+00 0.00000000e+00
 1.24255435e-11 0.00000000e+00 1.68773826e-05 0.00000000e+00
 0.00000000e+00 0.00000000e+00 0.00000000e+00 0.00000000e+00
 0.00000000e+00 0.00000000e+00 0.00000000e+00 0.00000000e+00
 0.00000000e+00 0.00000000e+00 0.00000000e+00 1.29047481e-14
 0.00000000e+00 0.00000000e+00 0.00000000e+00 0.00000000e+00
 0.00000000e+00 0.00000000e+00 0.00000000e+00 0.00000000e+00
 0.00000000e+00 0.00000000e+00 0.00000000e+00 0.00000000e+00
 0.00000000e+00 0.00000000e+00 2.45565166e-02 0.00000000e+00
 0.00000000e+00]
[0.         0.         0.         0.         0.         0.
 0.         0.         0.         0.         0.         0.
 0.         0.         0.         0.         0.         0.
 0.         0.         0.         0.         0.         0.
 0.         0.         0.         0.         0.         0.
 0.         0.         0.         0.         0.         0.
 0.         0.         0.         0.         0.         0.
 0.         0.18246613 0.        ]
[]
[]
[]
[]
[]
[]
[]
[]
[]
[]
[]
[]
[]
[]
[]
[]
[]
[]
[]
[]
[]
[]
[]
[]
[]
[]
[]
[]
[]
[]
[]
[]
[]
[]
[]
[]
[]
[]
[]
[]
[]
[]
[]
[]
[]
