89610.14443683268
89723.09394360322
90023.5989833791
90096.57995006074
90097.20851878342
90337.79902787585
90632.9832265627
90924.51714392114
89834.00975529414
90099.6993425824
89732.31861710102
90126.14494173977
90275.95796135503
89994.1201346046
90257.52006272777
90354.5161555188
90892.45292937006
90347.26295787544
90460.01459928493
91139.51378594265
90161.72112864569
90412.43425017061
90455.3398417715
91424.82053277138
90865.87309226947
90767.00311958745
91579.64677318877
90570.13349115069
89732.93661325006
89884.49088870741
90618.11748123927
90459.81551057284
90138.29957968862
89833.45543668402
90180.9987285731
90611.43448011987
90635.07795537268
90544.55483496591
90511.7133826987
91262.16188100369
89795.1680461979
90569.14009340703
91241.60327684326
91315.46624616843
90657.07486637606
91058.37913684845
90567.81062803682
89872.48253717698
90439.56474162058
90660.5532459814
