0.02455651663978889
0.0017617528328622933
0.0007474769963607905
0.0003625602610629207
0.00018701996932232894
0.00010199258715879028
4.484853646420021e-05
2.412719752022249e-05
1.3672996403536403e-05
6.698512479076139e-06
3.385380359187246e-06
1.9934241704235432e-06
1.0099072122397853e-06
5.203893117024711e-07
3.2150913757266226e-07
1.4302865054205395e-07
8.05754907900446e-08
4.1620579671220354e-08
2.5645498323424763e-08
1.3286539627268408e-08
6.447231063047367e-09
3.816439127308081e-09
2.0291215371790183e-09
1.201623842373731e-09
6.21323046276189e-10
3.215394727136528e-10
1.7927454800451458e-10
1.0978490039828913e-10
5.536148947170359e-11
2.9875064108841974e-11
1.7525197322068448e-11
1.0109242712080526e-11
4.7652377318375055e-12
3.023407429226446e-12
1.7415240360107166e-12
8.596462153085284e-13
4.970217384938503e-13
2.8851038580202097e-13
1.668362108191355e-13
8.569499789046002e-14
4.9049904281231476e-14
2.571762488368151e-14
1.5975693095938566e-14
9.390993186126099e-15
5.108091652343198e-15
2.962543562121259e-15
1.683697807996113e-15
9.869777858990296e-16
5.376978370001859e-16
3.0293729912525817e-16
