[1.8545155207048053e-06, 52.999886790241746, 81.99994916616608, 207.00001257376465, 254.00001305036196, 304.0000094942671, 423.0000709389374, 458.00006999460516, 507.00007249852126, 620.0002275444136, 654.0002224647834, 706.0002240550984, 823.0009307774228, 887.0009306611798, 931.0009311567895, 2.3923397652066787e-06, 23.99999199075892, 60.99999447420274, 186.9999824581606, 238.99999217479646, 284.99997597589896, 414.00001981163336, 443.0000352854768, 492.0000207338125, 619.000256550976, 669.0002560873614, 698.0002573706593, 824.0016164386217, 879.0016159006884, 913.0016160116552, 1.9857424911409196e-06, 27.999995300362908, 71.99999470248257, 186.00000299658603, 226.00000297800673, 293.99999814234417, 416.0000315617444, 452.00003539082246, 493.0000164070584, 616.0002305509264, 641.0002323863334, 692.0002329145661, 812.0009335753407, 855.0009342929723, 896.0009344677646]
[54.000003629554406, 99.99999250930885, 134.99999753925718, 262.00002223666706, 301.00002201642144, 345.00002125477783, 468.00007911436813, 507.0000790385146, 555.0000793414501, 667.0002324015298, 709.0002316100492, 759.0002318580271, 877.0009352016367, 932.0009354270979, 979.0009356040492, 46.00000428291041, 74.00000266735988, 116.00000292774172, 241.9999987282185, 283.0000034549888, 334.0000033511238, 457.0000398724155, 488.0000428343591, 535.0000418239655, 672.0002650646566, 711.0002648867721, 748.0002651421756, 877.001620303619, 924.001620074183, 968.001619957345, 49.000004954011196, 80.00000352110705, 125.00000263087364, 236.00001114703707, 281.00001095780664, 337.0000062864586, 461.00004379239095, 494.0000451502795, 545.0000433317732, 658.0002384111799, 696.0002388927692, 746.0002393417, 863.0009381800297, 901.0009385911139, 944.0009385462811]
[104.00000468084937, 143.00000468084937, 182.00000468084937, 310.0000250834451, 348.0000250834451, 396.0000250834451, 520.0000818859679, 563.0000818859679, 600.0000818859679, 717.0002345672434, 758.0002345672434, 808.0002345672434, 932.0009371970523, 982.0009371970523, 1025.0009371970523, 88.00000560136812, 128.00000560136812, 172.00000560136812, 292.0000077128743, 339.0000077128743, 376.0000077128743, 500.0000453313191, 541.0000453313191, 590.0000453313191, 720.0002677779224, 764.0002677779224, 803.0002677779224, 931.0016216379507, 976.0016216379507, 1020.0016216379507, 91.00000652723148, 131.00000652723148, 174.00000652723148, 291.0000138347762, 336.0000138347762, 384.0000138347762, 506.0000477288583, 547.0000477288584, 592.0000477288584, 711.0002412617484, 751.0002412617484, 789.0002412617484, 908.0009402114191, 957.0009402114191, 995.0009402114191]
[5.460063755215617e-06, 2.5771657958545673e-05, 8.254269036597197e-05, 0.00023520368142718618, 0.0009378326229274991, 6.35968499240378e-06, 8.437143125459429e-06, 4.600205812666392e-05, 0.0002684296039421087, 0.0016223063369134143, 7.2745763435412905e-06, 1.4546865197242022e-05, 4.8413494406783063e-05, 0.00024193816031411238, 0.000940873877673467, 7.789887664750531e-07, 6.855605951826586e-07, 6.649643006817845e-07, 6.553514858019028e-07, 6.435811593571836e-07, 7.580375004699689e-07, 7.276335989212217e-07, 6.806713490154357e-07, 6.542795754412795e-07, 6.294064727133e-07, 7.47298421766883e-07, 7.075972698209951e-07, 6.786683302477953e-07, 6.556197550581792e-07, 6.458995980006095e-07]
[]
[]
[]
[]
[]
[]
[]
[]
[]
[]
[]
[]
[]
[]
[]
[]
[]
[]
[]
[]
[]
[]
[]
[]
[]
[]
[]
[]
[]
[]
[]
[]
[]
[]
[]
[]
[]
[]
[]
[]
[]
[]
[]
[]
[]
[]
[]
[]
[]
[]
[]
[]
[]
[]
[]
[]
[]
[]
[]
[]
[]
[]
[]
[]
[]
[]
[]
[]
[]
[]
[]
[]
[]
[]
[]
[]
[]
[]
[]
[]
[]
[]
[]
[]
[]
[]
[]
[]
[]
[]
[]
[]
[]
[]
[]
[]
[]
[]
[]
[]
[]
[]
[]
[]
[]
[]
[]
[]
[]
[]
[]
[]
[]
[]
[]
[]
[]
[]
[]
[]
[]
[]
[]
[]
[]
[]
[]
[]
[]
[]
[]
