[1.4678333424620498e-05, 52.99978949489988, 81.99994989269473, 207.00011259601087, 254.000113198939, 304.00018565539006, 423.00034029647605, 458.0003582367737, 507.0003521939628, 620.0008574328511, 654.0008183768446, 706.0008344185898, 823.0021360323126, 887.0021408002557, 931.0021887803692, 1.2476866053996727e-05, 23.99992133938187, 60.99993360517238, 186.99990332876425, 238.99992100234627, 284.99967570367465, 413.99983027943324, 442.9999987761546, 491.9998821334491, 619.0003506813781, 669.000354564547, 698.0003566069465, 824.0014226538536, 879.001392556149, 913.0013906164139, 5.4008771926385146e-05, 27.999986746911564, 71.99999215913941, 186.00003064203298, 226.00003253072026, 294.00007662104167, 416.0001451302208, 452.0001472601384, 492.9999963545333, 616.0004289663766, 641.0004354445441, 692.0004162755705, 812.0010334579611, 855.001077949071, 896.0010731708874]
[54.00004880812304, 99.99999892824503, 135.00003871397442, 262.0001866327364, 301.00018608972704, 345.00018565539006, 468.00041609860807, 507.0004183391327, 555.0004175274009, 667.0009019448229, 709.000894194212, 759.0009192070188, 877.0022121741453, 932.0022149810537, 979.002218872189, 46.00002367970798, 74.00000706369686, 116.00000863917236, 241.99998662856143, 283.0000177514864, 333.99999599831926, 457.0000565595992, 488.00006776124775, 535.0000679788143, 672.0004261823925, 711.0004268872976, 748.0004274915287, 877.0014597538768, 924.0014663135767, 968.0014660946362, 49.00007741155665, 80.00006594575976, 125.00006552386424, 236.00010506609175, 281.0001053979052, 337.00007662104167, 461.0002198328511, 494.0002196765168, 545.0002085316422, 658.000505368283, 696.0005063302308, 746.0004832786324, 863.0011138873053, 901.0011205424107, 944.0011209351064]
[104.00006510676909, 143.00006510676909, 182.00006510676909, 310.0002119515262, 348.0002119515262, 396.0002119515262, 520.0004410235376, 563.0004410235376, 600.0004410235376, 717.0009192070188, 758.0009192070188, 808.0009192070188, 932.0022370615421, 982.0022370615421, 1025.002237061542, 88.00003274420101, 128.000032744201, 172.000032744201, 292.0000439516405, 339.0000439516405, 376.0000439516405, 500.00010237031336, 541.0001023703134, 590.0001023703134, 720.0004516713735, 764.0004516713735, 803.0004516713735, 931.0014907871333, 976.0014907871333, 1020.0014907871333, 91.00009156194776, 131.00009156194776, 174.00009156194776, 291.00012979379983, 336.00012979379983, 384.00012979379983, 506.00024448124486, 547.0002444812449, 592.0002444812449, 711.0005303876159, 751.0005303876159, 789.0005303876159, 908.0011388063327, 957.0011388063327, 995.0011388063327]
[7.176246489375582e-05, 0.00021819670112501344, 0.0004471856867823785, 0.0009252822259517048, 0.0022430566082888292, 4.0009475352268536e-05, 5.0789262121600336e-05, 0.00010884275384289918, 0.0004579243994814984, 0.0014969051382804147, 9.821698115740005e-05, 0.00013627422317253647, 0.00025081730183712167, 0.00053661727703622, 0.0011449630094721025, 6.655827020100619e-06, 6.2462970556287464e-06, 6.15970368599754e-06, 6.076810046318584e-06, 5.98964292880446e-06, 7.2655034685663224e-06, 6.837863860103069e-06, 6.471918598441914e-06, 6.254812921099439e-06, 6.116816081437257e-06, 6.655209187989735e-06, 6.480774390422344e-06, 6.335476119794252e-06, 6.2302925391463084e-06, 6.159826151449382e-06]
[]
[]
[]
[]
[]
[]
[]
[]
[]
[]
[]
[]
[]
[]
[]
[]
[]
[]
[]
[]
[]
[]
[]
[]
[]
[]
[]
[]
[]
[]
[]
[]
[]
[]
[]
[]
[]
[]
[]
[]
[]
[]
[]
[]
[]
[]
[]
[]
[]
[]
[]
[]
[]
[]
[]
[]
[]
[]
[]
[]
[]
[]
[]
[]
[]
[]
[]
[]
[]
[]
[]
[]
[]
[]
[]
[]
[]
[]
[]
[]
[]
[]
[]
[]
[]
[]
[]
[]
[]
[]
[]
[]
[]
[]
[]
[]
[]
[]
[]
[]
[]
[]
[]
[]
[]
[]
[]
[]
[]
[]
[]
[]
[]
[]
[]
[]
[]
[]
[]
[]
[]
[]
[]
[]
[]
[]
[]
[]
[]
[]
[]
